date,actual_deaths,total_deaths,predicted_deaths_mean,predicted_deaths_lower,predicted_deaths_upper,predicted_total_deaths_mean,predicted_total_deaths_lower,predicted_total_deaths_upper,predicted_new_infected_mean,predicted_new_infected_lower,predicted_new_infected_upper,predicted_current_infected_mean,predicted_current_infected_lower,predicted_current_infected_upper,predicted_total_infected_mean,predicted_total_infected_lower,predicted_total_infected_upper,r_values_mean,r_values_lower,r_values_upper
2020-02-05,0,0,,,,,,,125,65,178,125,65,178,125,65,178,2.26284759177,2.1,2.4
2020-02-06,0,0,,,,,,,125,65,178,250,130,356,250,130,356,2.26283827621,2.09999086164,2.39999969794
2020-02-07,0,0,,,,,,,125,65,178,376,194,534,375,195,534,2.26283511986,2.09998782007,2.39999951783
2020-02-08,0,0,,,,,,,125,65,178,501,260,712,500,260,712,2.26283088164,2.09998376557,2.39999928108
2020-02-09,0,0,,,,,,,287,162,404,788,438,1103,787,422,1116,2.2628251858,2.09997836058,2.39999890409
2020-02-10,0,0,,,,,,,287,162,404,1076,606,1502,1074,584,1520,2.26281752407,2.09997115504,2.39999832873
2020-02-11,0,0,,,,,,,287,162,404,1363,772,1904,1361,746,1924,2.26280720815,2.0999615488,2.39999743538
2020-02-12,0,0,,,,,,,287,162,404,1650,937,2306,1648,908,2328,2.26279330481,2.0999487416,2.39999611035
2020-02-13,0,0,,,,,,,467,279,650,2117,1237,2936,2115,1187,2978,2.2627745471,2.09993166629,2.39999416873
2020-02-14,0,0,,,,,,,674,411,936,2791,1653,3867,2789,1598,3914,2.26271945724,2.09987884398,2.39996709597
2020-02-15,0,0,,,,,,,1215,751,1629,4007,2459,5457,4004,2349,5543,2.26268148309,2.09984469671,2.39995989171
2020-02-16,0,0,,,,,,,2409,1475,3097,6416,4063,8491,6413,3824,8640,2.26262298115,2.09979248692,2.39994315167
2020-02-17,0,0,,,,,,,3897,2534,4928,10313,6731,13333,10310,6358,13568,2.26254804294,2.0997271573,2.39992346469
2020-02-18,0,0,,,,,,,4313,2850,5466,14625,9623,18772,14623,9208,19034,2.26244975323,2.09964313898,2.39989831524
2020-02-19,0,0,,,,,,,5069,3411,6413,19694,13097,25142,19692,12619,25447,2.26231900179,2.09953367917,2.3998646452
2020-02-20,0,0,,,,,,,5208,3519,6604,24777,16563,31559,24900,16138,32051,2.26214259453,2.09938916232,2.39981739587
2020-02-21,0,0,,,,,,,5738,3938,7266,30389,20459,38627,30638,20076,39317,2.26190295917,2.09919717766,2.39974974604
2020-02-22,0,0,,,,,,,6825,4756,8651,37089,25198,47062,37463,24832,47968,2.261580036,2.09894185267,2.39965436272
2020-02-23,0,0,,,,,,,8165,5771,10330,45129,30999,57139,45628,30603,58298,2.26114489361,2.09860549803,2.39951062671
2020-02-24,0,0,,,,,,,10374,7311,13211,55216,38227,69888,56002,37914,71509,2.26055606296,2.09816120693,2.39932090974
2020-02-25,0,0,,,,,,,16259,10912,20684,71188,49155,90052,72261,48826,92193,2.25975648505,2.09757303358,2.39904401916
2020-02-26,0,0,,,,,,,19655,13412,25030,90555,62449,114641,91916,62238,117223,2.25866751226,2.09679297319,2.39861485905
2020-02-27,0,0,,,,,,,21437,14516,27493,111705,76816,141715,113353,76754,144716,2.25718257081,2.09571177053,2.39801912442
2020-02-28,0,0,,,,,,,26071,17477,33789,137309,94011,174846,139424,94231,178505,2.25515495525,2.09419952683,2.39716174013
2020-02-29,1,1,,,,,,,31883,20825,41968,168518,114434,215834,171307,115056,220473,2.25238216661,2.0921437506,2.39588707907
2020-03-01,0,1,,,,,,,41410,26478,55159,208713,140222,269255,212717,141534,275632,2.24858602542,2.08958269531,2.39401364505
2020-03-02,5,6,,,,,,,51516,32583,69220,257820,171438,335240,264233,174117,344852,2.24338651962,2.08594095629,2.39125513076
2020-03-03,1,7,,,,,,,63930,40276,86548,317853,209274,416716,328163,214393,431400,2.23626865787,2.08126196171,2.38719081889
2020-03-04,4,11,,,,,,,78460,48787,107207,392000,255309,518289,406623,263180,538607,2.22654112053,2.07422196084,2.381205264
2020-03-05,1,12,,,,,,,98158,60507,134770,485089,312507,646459,504781,323687,673377,2.2132895881,2.06583667628,2.37247411656
2020-03-06,2,14,,,,,,,120322,73358,166077,600203,382455,805739,625103,397045,839454,2.19533263548,2.05184053494,2.3596557153
2020-03-07,3,17,,,,,,,145413,88842,201560,739878,467447,999875,770516,485887,1041014,2.17119600882,2.03079912226,2.34195599577
2020-03-08,4,21,,,,,,,172886,106981,238384,905938,569656,1229517,943402,592868,1279398,2.13913457084,2.00126225281,2.31546434429
2020-03-09,1,22,,,,,,,202013,128433,274246,1099785,692176,1493456,1145415,721301,1553644,2.09724571766,1.94352158298,2.27849281097
2020-03-10,6,28,,,,,,,231733,153575,310702,1321144,838176,1791079,1377148,874876,1864346,2.04372356194,1.86811743498,2.24683106388
2020-03-11,5,33,,,,,,,258278,176361,345346,1563163,1003573,2115680,1635426,1051237,2209692,1.97727523612,1.78382397703,2.20944357634
2020-03-12,10,43,,,,,,,280033,193586,372620,1823541,1183605,2463284,1915459,1244823,2582312,1.8976371016,1.68651406884,2.15509574171
2020-03-13,8,51,,,,,,,296789,206504,392470,2098893,1375479,2828230,2212248,1451327,2974782,1.8060119112,1.57116033987,2.10290604773
2020-03-14,7,58,,,,,,,308312,214455,403809,2381135,1572393,3198187,2520560,1665782,3378591,1.70519570829,1.45449874248,2.04390339153
2020-03-15,12,70,,,,,,,315949,220960,414039,2665201,1772614,3570101,2836509,1886742,3792630,1.59927185529,1.32903063858,1.97751895406
2020-03-16,27,97,,,,,,,320150,226726,424040,2943941,1973127,3938802,3156659,2113468,4216670,1.49296341944,1.21845757267,1.89184233117
2020-03-17,35,132,,,,,,,321822,231273,428684,3214247,2172239,4298057,3478481,2344741,4645354,1.39087914032,1.12413673179,1.78459322751
2020-03-18,59,191,,,,,,,321835,234419,428799,3472151,2367024,4640057,3800316,2579160,5074153,1.29687738216,1.05192154281,1.66601931794
2020-03-19,73,264,,,,,,,320714,237275,425793,3714406,2556412,4958261,4121030,2816435,5499946,1.21366781655,0.999627830343,1.54450981555
2020-03-20,99,363,,,,,,,318933,239571,423649,3935181,2736651,5246548,4439963,3056006,5923595,1.1426684537,0.963631467788,1.43413839706
2020-03-21,99,462,,,,,,,316606,241086,420764,4131465,2905776,5500591,4756569,3297092,6344359,1.08408288574,0.938037810681,1.3360826936
2020-03-22,110,572,,,,,,,313835,241780,416413,4299888,3060249,5714740,5070404,3538872,6760772,1.03714405069,0.921114860663,1.25218160927
2020-03-23,189,761,,,,,,,310761,242008,410383,4437764,3196947,5886023,5381165,3780880,7171155,1.00045340968,0.898873405105,1.17537682346
2020-03-24,239,1000,,,,,,,307432,241633,402437,4543183,3311852,6013339,5688597,4022513,7573592,0.972327745407,0.880833292431,1.1112163061
2020-03-25,324,1324,,,,,,,303888,240808,394843,4615338,3400737,6096400,5992485,4263321,7968435,0.951076889142,0.868385331812,1.05927208042
2020-03-26,408,1732,,,,,,,300126,238612,388053,4657185,3464432,6138174,6292611,4501933,8356488,0.93517746468,0.859346998844,1.02173316623
2020-03-27,518,2250,,,,,,,296132,234549,380687,4673284,3506044,6145367,6588743,4736482,8737175,0.923350717577,0.853474478584,0.994239893319
2020-03-28,633,2883,,,,,,,291915,230257,373214,4668411,3529678,6125295,6880658,4966739,9110389,0.914573963423,0.849226722773,0.978506504457
2020-03-29,586,3469,,,,,,,287510,225993,365972,4647608,3540370,6086721,7168168,5192732,9476361,0.908056054435,0.845688805393,0.967266334058
2020-03-30,692,4161,,,,,,,282869,221710,358648,4614528,3539692,6030921,7451037,5414442,9835009,0.90319877013,0.843303286716,0.95926703901
2020-03-31,1085,5246,,,,,,,278040,217121,351202,4572417,3528289,5958186,7729077,5631563,10186211,0.899556761893,0.841936815597,0.954095787581
2020-04-01,1172,6418,,,,,,,273038,212776,343815,4523633,3507846,5873823,8002115,5844339,10530026,0.896801950168,0.840887480133,0.950472442818
2020-04-02,1503,7921,,,,,,,267889,208206,336517,4469687,3479820,5782412,8270004,6052545,10866543,0.894694311091,0.839671592526,0.947817562919
2020-04-03,1392,9313,,,,,,,262617,203681,329981,4411590,3444601,5687587,8532621,6256226,11196524,0.89305900825,0.838626775063,0.945580180179
2020-04-04,1523,10836,,,,,,,257247,199170,323103,4349904,3402829,5588071,8789868,6455396,11519627,0.891769012624,0.837940444374,0.943851032955
2020-04-05,1590,12426,,,,,,,251810,194980,316922,4285108,3355736,5485431,9041678,6650376,11836549,0.890732144026,0.837317692605,0.942412757386
2020-04-06,1770,14196,,,,,,,246340,190470,310312,4217613,3303793,5380600,9288018,6840846,12146861,0.889881529464,0.836520503427,0.941270806389
2020-04-07,2571,16767,,,,,,,240868,186174,303582,4147719,3247609,5275004,9528886,7027020,12450443,0.889168634353,0.835905223331,0.940463658795
2020-04-08,2146,18913,,,,,,,235425,181804,296949,4075713,3187580,5170472,9764311,7208824,12747392,0.888558199114,0.835416595338,0.939798074565
2020-04-09,2228,21141,,,,,,,230037,177415,290331,4001862,3124032,5066676,9994348,7386239,13037723,0.888024571811,0.834913655925,0.939279036259
2020-04-10,2218,23359,,,,,,,224727,173060,283777,3926463,3058307,4962974,10219075,7559299,13321500,0.88754905668,0.834502766106,0.938699047629
2020-04-11,2119,25478,,,,,,,219511,168814,277362,3849842,2992421,4860061,10438586,7728113,13598862,0.88711579429,0.834175411524,0.938241683853
2020-04-12,1816,27294,,,,,,,214402,164811,271198,3772328,2926871,4758308,10652988,7892924,13870060,0.886717274565,0.833827023126,0.937852733738
2020-04-13,1946,29240,,,,,,,209408,160795,265268,3694226,2861620,4657749,10862396,8053719,14135328,0.886347146331,0.833491752945,0.937498812002
2020-04-14,2455,31695,,,,,,,204534,156855,259562,3615891,2796745,4558736,11066930,8210574,14394890,0.885998347745,0.833125553841,0.937176406301
2020-04-15,2609,34304,,,,,,,199782,152937,254092,3537634,2732567,4461641,11266712,8363511,14648982,0.885674857247,0.832823710619,0.936869485534
2020-04-16,2176,36480,,,,,,,195153,149075,248768,3459748,2668897,4366579,11461865,8512586,14897750,0.885365392883,0.832477866407,0.936570930141
2020-04-17,2093,38573,,,,,,,190643,145468,243651,3382503,2606199,4273692,11652508,8658054,15141401,0.885072873467,0.832219684321,0.936259137178
2020-04-18,1960,40533,,,,,,,186252,141842,238625,3306138,2544408,4182311,11838760,8799896,15380026,0.884794500771,0.831998226688,0.9359948323
2020-04-19,1931,42464,,,,,,,181975,138255,233775,3230866,2483535,4092980,12020735,8938151,15613801,0.884531292646,0.831772823221,0.935714811891
2020-04-20,2186,44650,,,,,,,177810,134725,229104,3156867,2423298,4005184,12198545,9072876,15842905,0.884282502908,0.831530359713,0.935443921367
2020-04-21,2548,47198,,,,,,,173754,131291,224428,3084281,2364124,3919344,12372299,9204167,16067333,0.884048733121,0.831340207028,0.935191965262
2020-04-22,2434,49632,,,,,,,169804,127879,219991,3013216,2305806,3835849,12542103,9332046,16287324,0.883831748481,0.831151391572,0.934959392298
2020-04-23,2466,52098,,,,,,,165956,124624,215756,2943748,2248598,3754778,12708059,9456670,16503080,0.883634737376,0.830963627659,0.934690910028
2020-04-24,2154,54252,,,,,,,162210,121398,211547,2875920,2192544,3676127,12870269,9578068,16714627,0.883461990503,0.830794186637,0.934439057206
2020-04-25,1698,55950,,,,,,,158564,118265,207546,2809758,2137701,3600028,13028833,9696333,16922173,0.883319271854,0.830614857168,0.934226079258
2020-04-26,1329,57279,,,,,,,155017,115162,203689,2745264,2084009,3526474,13183850,9811495,17125862,0.883214910704,0.83047572938,0.933987975905
2020-04-27,1466,58745,,,,,,,151566,112095,199920,2682428,2031254,3455291,13335416,9923590,17325782,0.883159702597,0.830373480631,0.933792322042
2020-04-28,2241,60986,,,,,,,148210,109051,196252,2621231,1979474,3386349,13483626,10032641,17522034,0.883168377946,0.830411679679,0.933716161829
2020-04-29,2521,63507,,,,,,,144952,106190,192655,2561648,1928773,3319503,13628578,10138831,17714689,0.883260588357,0.830325777494,0.933529900487
2020-04-30,2322,65829,,,,,,,141789,103341,189159,2503655,1879141,3254615,13770367,10242172,17903848,0.883462294152,0.830317658244,0.933555185762
2020-05-01,1891,67720,,,,,,,138724,100604,185839,2447226,1830639,3191717,13909091,10342776,18089687,0.883807489982,0.830296402865,0.933409428715
2020-05-02,1692,69412,,,,,,,135756,97892,182705,2392338,1783034,3130786,14044847,10440668,18272392,0.884340099737,0.830398976466,0.933572247916
2020-05-03,1120,70532,,,,,,,132887,95271,179644,2338974,1736439,3071810,14177734,10535939,18452036,0.885115801441,0.830449645753,0.933691346528
2020-05-04,1333,71865,,,,,,,130123,92819,176665,2287122,1690975,3014695,14307857,10628758,18628701,0.886203362319,0.830599373223,0.934350561363
2020-05-05,2318,74183,,,,,,,127467,90435,173843,2236779,1646657,2959423,14435324,10719193,18802544,0.887684668248,0.83104789081,0.935365774172
2020-05-06,2364,76547,,,,,,,124923,88070,171008,2187947,1603412,2905990,14560247,10807263,18973552,0.889652315315,0.83130257215,0.939962777481
2020-05-07,1934,78481,,,,,,,122496,85859,168366,2140640,1561370,2854351,14682743,10893122,19141918,0.892203536803,0.831752136562,0.953116983655
2020-05-08,1747,80228,,,,,,,120196,83720,165926,2094879,1520450,2804507,14802939,10976842,19307844,0.895429945144,0.831986086458,0.969573172845
2020-05-09,1488,81716,,,,,,,118030,81676,163595,2050699,1480715,2756541,14920969,11058518,19471439,0.899404655522,0.832203390785,0.989925171225
2020-05-10,893,82609,,,,,,,116010,79859,161404,2008145,1442301,2710386,15036979,11138377,19632843,0.904171558161,0.832605200691,1.01604888538
2020-05-11,1014,83623,,,,,,,114147,78208,159412,1967276,1405343,2666097,15151126,11216585,19792255,0.909743418197,0.832899010493,1.04828491627
2020-05-12,1627,85250,,,,,,,112456,76673,157611,1928166,1369919,2623776,15263582,11293258,19949866,0.916112290268,0.833866897708,1.07657694425
2020-05-13,1764,87014,,,,,,,110952,75264,155945,1890907,1336134,2583462,15374534,11368522,20105811,0.923267156358,0.834451160909,1.10242775133
2020-05-14,1783,88797,,,,,,,109649,74007,154540,1855604,1303954,2545338,15484183,11442529,20260351,0.931207137319,0.835841963416,1.12577249532
2020-05-15,1681,90478,,,,,,,108562,72951,153383,1822378,1273570,2509553,15592745,11515480,20413734,0.939942559002,0.837925166906,1.14718722102
2020-05-16,1216,91694,,,,,,,107708,72076,152594,1791363,1245051,2476300,15700453,11587556,20566328,0.949487357472,0.840233020862,1.16567304789
2020-05-17,758,92452,,,,,,,107100,71370,152045,1762707,1218541,2445629,15807553,11658926,20718373,0.95985111741,0.843772476144,1.17989602272
2020-05-18,1172,93624,,,,,,,106751,70894,151979,1736571,1194183,2417949,15914304,11729820,20870352,0.971031218831,0.848616898359,1.19434256992
2020-05-19,1552,95176,,,,,,,106674,70554,152239,1713121,1171942,2393500,16020978,11800374,21022591,0.982996420111,0.855191272429,1.22487755491
2020-05-20,1526,96702,,,,,,,106881,70430,152797,1692535,1151965,2372421,16127859,11870804,21175388,0.995658893637,0.864338505948,1.23614041944
2020-05-21,1217,97919,,,,,,,107381,70594,153579,1674993,1134525,2354957,16235240,11941398,21328967,1.00884964828,0.874892069087,1.24968229632
2020-05-22,1244,99163,,,,,,,108183,71032,154741,1660680,1119743,2341294,16343423,12012430,21483708,1.02232187209,0.875685713225,1.25708547973
2020-05-23,1109,100272,,,,,,,109299,71671,156174,1649783,1107742,2331505,16452722,12084101,21639882,1.03579313241,0.875762001099,1.26088842455
2020-05-24,622,100894,,,,,,,110738,72666,157886,1642491,1098779,2325758,16563460,12156767,21797768,1.04901004159,0.876027521044,1.27164512245
2020-05-25,548,101442,,,,,,,112508,73861,160074,1638989,1092832,2324390,16675968,12230628,21957842,1.06180186826,0.876618519419,1.28267459746
2020-05-26,662,102104,,,,,,,114630,75401,162673,1639472,1090079,2327615,16790598,12306029,22120515,1.0740967467,0.878230070697,1.29741883847
2020-05-27,1518,103622,,,,,,,117113,77230,165642,1644128,1090691,2335607,16907711,12383259,22286157,1.08589939106,0.879443208251,1.30640215156
2020-05-28,1178,104800,,,,,,,119965,79436,169310,1653141,1094917,2348931,17027676,12462695,22455467,1.0972502979,0.881484744393,1.31231758248
2020-05-29,1160,105960,,,,,,,123197,81971,173392,1666690,1102930,2367738,17150873,12544666,22628859,1.10819187294,0.883465901066,1.31968458317
2020-05-30,963,106923,,,,,,,126827,84761,177713,1684955,1114783,2392025,17277700,12629427,22806572,1.11878821454,0.886358866096,1.31964662487
2020-05-31,581,107504,,,,,,,130873,87896,182775,1708120,1130635,2422159,17408573,12717323,22989347,1.12908322304,0.890955152909,1.33459231695
2020-06-01,776,108280,,,,,,,135357,91400,188596,1736377,1150697,2458659,17543930,12808723,23177943,1.13911182481,0.897800822683,1.34126086582
2020-06-02,1068,109348,,,,,,,140294,95169,194551,1769919,1175014,2501184,17684224,12903892,23372494,1.14884584774,0.907053550359,1.34757856457
2020-06-03,1007,110355,,,,,,,145706,99313,201331,1808952,1203799,2550204,17829930,13003205,23573825,1.1582040619,0.92014120606,1.35199453885
2020-06-04,1023,111378,,,,,,,151615,103836,208808,1853686,1237232,2606125,17981545,13107041,23782633,1.16704536327,0.929698304515,1.35486338976
2020-06-05,914,112292,,,,,,,158039,108736,217091,1904345,1275401,2669546,18139584,13215777,23999724,1.1752426868,0.9367946226,1.3554696714
2020-06-06,659,112951,,,,,,,164998,113986,225580,1961160,1318368,2740304,18304582,13329763,24225304,1.18270161473,0.94191839538,1.35518250764
2020-06-07,438,113389,,,,,,,172511,119668,235325,2024372,1366370,2819360,18477093,13449431,24460629,1.18933417181,0.949829276712,1.35230360267
2020-06-08,519,113908,,,,,,,180594,125806,245894,2094227,1419499,2907263,18657687,13575237,24706523,1.19510737535,0.95867935984,1.3536157054
2020-06-09,950,114858,,,,,,,189258,132267,257083,2170977,1477890,3004177,18846945,13707504,24963606,1.1999734505,0.971318396847,1.35304756972
2020-06-10,901,115759,,,,,,,198507,139243,268558,2254854,1541719,3109991,19045452,13846747,25232164,1.20392365778,0.986893511941,1.35359917786
2020-06-11,871,116630,,,,,,,208342,146744,281474,2346083,1611230,3225791,19253794,13993491,25513638,1.20696165617,1.00994563459,1.35380654939
2020-06-12,828,117458,,,,,,,218749,154541,294770,2444868,1686330,3351237,19472543,14148032,25808408,1.20908069277,1.03752988997,1.35424670437
2020-06-13,759,118217,,,,,,,229709,162910,308509,2551379,1767265,3486349,19702252,14310942,26116917,1.21029274887,1.05748539243,1.35565351574
2020-06-14,308,118525,,,,,,,241185,171805,323057,2665736,1854291,3631707,19943437,14482747,26439974,1.21056570728,1.05525379574,1.35492232822
2020-06-15,394,118919,,,,,,,253127,181219,337220,2787990,1947588,3786214,20196564,14663966,26777194,1.20991022246,1.04938739997,1.35617678808
2020-06-16,838,119757,,,,,,,265472,191222,352688,2918106,2047374,3950378,20462036,14855188,27129882,1.20829784443,1.04129453826,1.35602977126
2020-06-17,744,120501,,,,,,,278138,201136,368221,3055950,2153329,4124152,20740174,15056324,27498103,1.2057266459,1.03482745141,1.35706877213
2020-06-18,718,121219,,,,,,,291030,211619,383614,3201274,2265616,4306500,21031204,15267943,27881717,1.20219930519,1.02760643301,1.35786975418
2020-06-19,670,121889,,,,,,,304038,221482,398198,3353697,2383258,4495930,21335242,15489425,28279915,1.19770199196,1.01572460596,1.35815466805
2020-06-20,604,122493,,,,,,,317040,231977,413859,3512697,2506513,4692706,21652282,15721402,28693774,1.19224931586,1.00541091683,1.3580545983
2020-06-21,285,122778,,,,,,,329906,242641,429336,3677605,2635167,4896449,21982188,15964043,29123110,1.18585432474,0.995172988818,1.35770198884
2020-06-22,389,123167,,,,,,,342503,253644,443923,3847597,2769128,5104981,22324691,16217687,29567033,1.17861547823,0.987592441661,1.35696650358
2020-06-23,847,124014,,,,,,,354702,264854,458114,4021706,2908150,5317111,22679393,16482541,30025147,1.17066139717,0.982806456244,1.35559164855
2020-06-24,759,124773,,,,,,,366386,275130,470166,4198834,3050991,5530121,23045779,16757671,30495313,1.16214030663,0.977573881934,1.35472583688
2020-06-25,551,125324,,,,,,,377451,284984,483139,4377778,3196725,5744675,23423230,17042655,30978452,1.15320793083,0.973237464395,1.35356384191
2020-06-26,617,125941,,,,,,,387813,294259,496055,4557250,3344272,5959296,23811043,17336914,31474507,1.14398487124,0.966049646078,1.35294233763
2020-06-27,504,126445,,,,,,,397408,302862,507489,4735909,3492626,6172078,24208451,17639776,31981996,1.13460066268,0.956954495106,1.35189028286
2020-06-28,273,126718,,,,,,,406192,311209,516437,4912392,3640989,6380078,24614643,17950985,32498433,1.12515214709,0.949939147017,1.35036761232
2020-06-29,377,127095,,,,,,,414138,317707,525119,5085345,3786963,6582283,25028781,18268692,33023552,1.11572377966,0.940743476272,1.34823480455
2020-06-30,625,127720,,,,,,,421241,323994,533561,5253459,3929806,6778766,25450022,18592686,33557113,1.10637125672,0.93933282506,1.34609211134
2020-07-01,694,128414,,,,,,,427507,329985,539968,5415493,4068634,6966172,25877529,18922671,34097081,1.09710862904,0.937001051125,1.34274864789
2020-07-02,727,129141,,,,,,,432956,335564,546394,5570311,4203121,7144451,26310485,19258235,34643475,1.0879329884,0.93349467894,1.33855099958
2020-07-03,660,129801,,,,,,,437620,339843,550862,5716901,4331369,7311728,26748105,19598078,35194337,1.07882155155,0.929821522399,1.33178077913
2020-07-04,265,130066,,,,,,,441531,343605,554368,5854394,4453491,7467886,27189636,19941683,35748705,1.06977438678,0.926555085258,1.32279397846
2020-07-05,288,130354,,,,,,,444730,347321,558723,5982084,4568796,7612698,27634366,20289004,36307428,1.06082037218,0.920244880161,1.31122232884
2020-07-06,355,130709,,,,,,,447258,349599,562170,6099437,4675694,7745450,28081624,20638603,36869598,1.05201942529,0.917046442319,1.30154473385
2020-07-07,1222,131931,,,,,,,449157,350951,563800,6206091,4772923,7865244,28530781,20989554,37433398,1.04344795516,0.914482027063,1.29026090356
2020-07-08,863,132794,,,,,,,450469,351998,565520,6301858,4860019,7972592,28981250,21341552,37998918,1.03518645091,0.910517354098,1.28082869247
2020-07-09,1003,133797,,,,,,,451234,352878,566050,6386706,4937740,8068413,29432484,21694430,38564968,1.02730537138,0.907965447552,1.27283384384
2020-07-10,824,134621,,,,,,,451488,353389,566688,6460742,5006145,8151929,29883972,22047819,39131656,1.01985942783,0.907195516166,1.26301214447
2020-07-11,690,135311,,,,,,,451265,353629,566689,6524194,5065522,8222555,30335237,22401448,39698345,1.01289180248,0.90556237209,1.25329172719
2020-07-12,459,135770,,,,,,,450599,353227,566214,6577385,5115892,8281284,30785836,22754675,40264559,1.0064332488,0.900507070809,1.24027093338
2020-07-13,367,136137,,,,,,,449517,352269,565475,6620710,5156946,8330333,31235353,23106944,40830034,1.00049696999,0.897448186989,1.22492625803
2020-07-14,926,137063,,,,,,,448048,351239,564920,6654620,5190468,8370184,31683401,23458183,41394954,0.995075273595,0.89673941801,1.20777138626
2020-07-15,968,138031,,,,,,,446217,349920,563024,6679596,5216368,8399715,32129618,23808103,41957978,0.99014345496,0.895760656353,1.19088261704
2020-07-16,943,138974,,,,,,,444049,347374,560279,6696139,5233719,8420093,32573667,24155477,42518257,0.985669123041,0.894889962656,1.17872198719
2020-07-17,930,139904,,,,,,,441569,344877,556870,6704751,5242993,8430623,33015236,24500354,43075127,0.981620299444,0.89370000217,1.16295544182
2020-07-18,868,140772,,,,,,,438798,341840,554061,6705930,5244934,8433873,33454034,24842194,43629188,0.977968028482,0.892545847734,1.14611831358
2020-07-19,447,141219,,,,,,,435761,339276,551078,6700160,5240558,8430634,33889795,25181470,44180266,0.974684776947,0.891936700156,1.13296693707
2020-07-20,514,141733,,,,,,,432479,336424,548112,6687908,5229597,8420064,34322274,25517894,44728378,0.971742288506,0.889085261439,1.11229074309
2020-07-21,1107,142840,,,,,,,428973,332701,544452,6669623,5212629,8402379,34751247,25850595,45272830,0.969110878696,0.886255501385,1.0906289077
2020-07-22,1216,144056,,,,,,,425263,329412,540488,6645729,5191024,8379090,35176510,26180007,45813318,0.966759891793,0.880732117486,1.07005415452
2020-07-23,1094,145150,,,,,,,421370,325850,536444,6616629,5164821,8350038,35597880,26505857,46349762,0.964658506058,0.878078735878,1.05585583942
2020-07-24,1132,146282,,,,,,,417311,322065,532629,6582706,5133958,8316631,36015191,26827922,46882391,0.962776616751,0.877570257573,1.04953015764
2020-07-25,899,147181,,,,,,,413103,317915,529052,6544321,5098453,8279014,36428294,27145837,47411443,0.96108585101,0.876971788715,1.04411700411
2020-07-26,472,147653,,,,,,,408763,313799,525308,6501818,5058594,8237649,36837057,27459636,47936751,0.959560630997,0.875314044278,1.04006231536
2020-07-27,1120,148773,,,,,,,404305,309116,521382,6455525,5014453,8192838,37241362,27768752,48458133,0.958178999628,0.874931540501,1.03747999322
2020-07-28,1374,150147,,,,,,,399745,304676,517390,6405752,4966830,8144759,37641107,28073428,48975523,0.956922915884,0.874239153634,1.03412009987
2020-07-29,1432,151579,,,,,,,395094,299846,512994,6352798,4915402,8092858,38036201,28373274,49488517,0.955777904422,0.873802464717,1.03034585605
2020-07-30,1209,152788,,,,,,,390366,294968,508488,6296947,4860410,8038337,38426567,28668242,49997005,0.954732192655,0.873384422165,1.02821649344
2020-07-31,1243,154031,,,,,,,385571,289915,504526,6238469,4802910,7982611,38812138,28958157,50501531,0.953775656953,0.872982315006,1.02644856742
2020-08-01,1115,155146,,,,,,,380720,284844,499849,6177621,4742846,7925603,39192858,29243001,51001380,0.952898929102,0.872594208089,1.0257178173
2020-08-02,403,155549,,,,,,,375823,279984,495806,6114646,4680962,7867361,39568681,29522985,51497186,0.952092881549,0.872218700429,1.02470003126
2020-08-03,530,156079,,,,,,,370888,275226,491403,6049773,4616896,7807682,39939569,29798211,51988589,0.951348512475,0.871854759197,1.0236330592
2020-08-04,1378,157457,,,,,,,365924,270092,486752,5983219,4550552,7746312,40305493,30068303,52475341,0.950657105395,0.871501605736,1.02314559523
2020-08-05,1376,158833,,,,,,,360938,265090,482352,5915184,4482931,7684184,40666431,30333393,52957693,0.950010494406,0.871158637238,1.02265728977
2020-08-06,1253,160086,,,,,,,355938,260210,477751,5845859,4413729,7621427,41022369,30593603,53435444,0.949401303242,0.870825372875,1.02216779824
2020-08-07,1242,161328,,,,,,,350930,254984,473186,5775419,4342869,7558143,41373299,30848587,53908630,0.94882309212,0.870501416749,1.02167686975
2020-08-08,1077,162405,,,,,,,345921,249869,468816,5704029,4270683,7494313,41719220,31098456,54377446,0.948270401786,0.870186432446,1.02118432434
2020-08-09,511,162916,,,,,,,340916,244742,464472,5631843,4197521,7429734,42060136,31343198,54841918,0.947738715173,0.8698801256,1.02044089879
2020-08-10,527,163443,,,,,,,335923,239752,459944,5559003,4123484,7364384,42396059,31582950,55301862,0.947224366771,0.869582231922,1.01984249445
2020-08-11,1064,164507,,,,,,,330945,234841,455528,5485643,4049223,7298545,42727004,31817791,55757390,0.946724427103,0.86929250897,1.0192414904
2020-08-12,1505,166012,,,,,,,325989,229825,450816,5411887,3974379,7231997,43052993,32047616,56208206,0.946236582217,0.869010730488,1.01863793533
2020-08-13,1070,167082,,,,,,,321058,225039,446290,5337850,3899575,7165321,43374051,32272655,56654496,0.945759020393,0.868706132175,1.01801635427
2020-08-14,1338,168420,,,,,,,316157,220395,441638,5263642,3825005,7098499,43690208,32493050,57096134,0.945290332212,0.868323374755,1.01739213342
2020-08-15,1034,169454,,,,,,,311290,215751,436789,5189361,3750842,7030787,44001498,32708801,57532923,0.944829426061,0.86888472602,1.016735035
2020-08-16,571,170025,,,,,,,306461,211065,432480,5115101,3677059,6963442,44307959,32919866,57965403,0.944375458759,0.86847183639,1.01605667421
2020-08-17,446,170471,,,,,,,301672,206563,428203,5040949,3603634,6895859,44609631,33126429,58393606,0.943927779788,0.867278469796,1.01533120469
2020-08-18,1325,171796,,,,,,,296926,202229,423627,4966986,3530631,6828102,44906557,33328658,58817233,0.943485887147,0.866985981456,1.01472099265
2020-08-19,1353,173149,,,,,,,292225,197791,418810,4893287,3458320,6760176,45198782,33526449,59236043,0.9430493928,0.866648722048,1.01401834388
2020-08-20,1079,174228,,,,,,,287573,193463,414315,4819921,3386685,6692145,45486355,33719912,59650358,0.942617995854,0.866345284055,1.01332673277
2020-08-21,1105,175333,,,,,,,282969,189240,409734,4746953,3315713,6624137,45769324,33909152,60060092,0.942191461873,0.86611757374,1.01265379334
2020-08-22,982,176315,,,,,,,278416,185111,404946,4674439,3245838,6555912,46047740,34094263,60465038,0.941769606997,0.865896239394,1.01194089233
2020-08-23,450,176765,,,,,,,273916,180949,400419,4602434,3176916,6487535,46321656,34275212,60865457,0.941352285788,0.865681112815,1.01131292936
2020-08-24,442,177207,,,,,,,269738,176990,395983,4531256,3109164,6419069,46591394,34452202,61261440,0.941877382203,0.868588227501,1.01135898233
2020-08-25,1239,178446,,,,,,,265606,173035,391217,4460939,3042444,6350363,46857000,34625237,61652657,0.942409596282,0.870742327031,1.01127064955
2020-08-26,1225,179671,,,,,,,261534,169395,386885,4391528,2976995,6281745,47118534,34794632,62039542,0.94294846037,0.872809523298,1.01270882032
2020-08-27,1111,180782,,,,,,,257534,165616,382577,4323074,2912783,6213523,47376068,34960248,62422119,0.94349392776,0.873442128905,1.01352448996
2020-08-28,971,181753,,,,,,,253634,162033,378702,4255650,2849774,6145951,47629702,35122281,62800821,0.944045941706,0.874251148456,1.01445377464
2020-08-29,958,182711,,,,,,,249859,158693,375209,4189352,2788069,6079537,47879561,35280974,63176030,0.94460443256,0.875070433165,1.0162011254
2020-08-30,310,183021,,,,,,,246189,155250,371240,4124250,2727564,6013996,48125750,35436224,63547270,0.945169294694,0.874942949292,1.01829784596
2020-08-31,573,183594,,,,,,,242606,152108,367450,4060396,2668603,5948971,48368356,35588332,63914720,0.945740382508,0.872799890604,1.02051496182
2020-09-01,1067,184661,,,,,,,239110,148978,364148,3997835,2611015,5884926,48607466,35737310,64278868,0.946317585034,0.874122373386,1.02278521217
2020-09-02,1056,185717,,,,,,,235703,145770,361199,3936612,2554551,5822512,48843169,35883080,64640067,0.946900817642,0.874018191751,1.02459724765
2020-09-03,1070,186787,,,,,,,232392,142644,358062,3876778,2499400,5761778,49075561,36025724,64998129,0.947489996468,0.87306262342,1.02721370957
2020-09-04,965,187752,,,,,,,229176,139952,355098,3818381,2445883,5702572,49304737,36165676,65353227,0.948085036166,0.872403987451,1.02936303383
2020-09-05,783,188535,,,,,,,226052,137271,352188,3761464,2393908,5645028,49530789,36302947,65705415,0.948685835723,0.87226675316,1.03163660452
2020-09-06,,,814.769785794,588,1113,189349.769786,189123,189648,223016,134593,349146,3706063,2343385,5589226,49753805,36437540,66054561,0.949292294094,0.870885495243,1.03336046488
2020-09-07,,,803.573878915,577,1103,190153.343665,189700,190750,220066,132094,346365,3652214,2294528,5535162,49973871,36569634,66400926,0.949904315853,0.870110790907,1.03531045565
2020-09-08,,,792.35598152,565,1092,190945.699646,190266,191841,217205,129477,343321,3599681,2247015,5482486,50191076,36699111,66744247,0.950521808614,0.870815730297,1.03793865577
2020-09-09,,,781.133796875,554,1081,191726.833443,190820,192922,214432,126967,341267,3548508,2200950,5432521,50405508,36826078,67085514,0.951144679506,0.870745353313,1.04018963522
2020-09-10,,,769.925988313,543,1071,192496.759431,191363,193993,211747,124442,338971,3498721,2155999,5384586,50617255,36950520,67424485,0.951772831215,0.870296583888,1.04243735722
2020-09-11,,,758.7518496,531,1062,193255.511281,191895,195054,209147,121969,336619,3450334,2112356,5338605,50826402,37072489,67761104,0.9524061632,0.870182908546,1.04468484298
2020-09-12,,,747.631184244,520,1052,194003.142465,192416,196105,206633,119750,333897,3403333,2070078,5293782,51033035,37192239,68095001,0.953044574146,0.869323871009,1.04707963169
2020-09-13,,,736.581820607,510,1041,194739.724286,192926,197145,204202,117447,331910,3357676,2028839,5250474,51237237,37309686,68426911,0.953687962285,0.868456948207,1.04965640661
2020-09-14,,,725.617970219,499,1029,195465.342256,193426,198174,201856,115324,329894,3313343,1988919,5209126,51439093,37425010,68756805,0.954336224713,0.866754922861,1.0520337375
2020-09-15,,,714.753965344,489,1020,196180.096221,193916,199193,199594,113305,327884,3270331,1950118,5169557,51638687,37538315,69084689,0.954989256043,0.865277399498,1.05469734335
2020-09-16,,,704.004120883,479,1010,196884.100342,194395,200203,197415,111405,325767,3228635,1912546,5131173,51836102,37649720,69410456,0.955646948002,0.863934758592,1.0571191732
2020-09-17,,,693.382376596,469,1000,197577.482719,194865,201202,195318,109384,324186,3188251,1876160,5094155,52031420,37759104,69734642,0.956309189797,0.862699468094,1.06044721828
2020-09-18,,,682.901637817,459,990,198260.384357,195324,202192,193304,107326,322381,3149164,1840842,5058474,52224724,37866430,70057023,0.956975868371,0.861845669098,1.06300657828
2020-09-19,,,672.570955295,450,980,198932.955312,195775,203171,191372,105179,320861,3111360,1806069,5024232,52416096,37971609,70377884,0.957646868286,0.861102404745,1.06452855066
2020-09-20,,,662.399278843,440,969,199595.354591,196215,204140,189522,103167,319584,3074830,1771961,4991615,52605618,38074776,70697468,0.958322071286,0.859969929244,1.0672681342
2020-09-21,,,652.395525829,431,959,200247.750117,196647,205098,187754,101151,319458,3039569,1738515,4961915,52793372,38175927,71016926,0.959001355927,0.858045076128,1.07047148533
2020-09-22,,,642.568453559,422,948,200890.31857,197070,206045,186066,99173,319699,3005569,1705590,4935241,52979438,38275100,71336625,0.959684597426,0.856327294142,1.07384749548
2020-09-23,,,632.926280361,413,938,201523.244851,197483,206983,184461,97477,319438,2972824,1673585,4911350,53163899,38372577,71656063,0.960371667608,0.854305606129,1.07662952801
2020-09-24,,,623.470979364,404,929,202146.71583,197888,207911,182936,95722,319264,2941327,1642337,4889356,53346835,38468299,71975327,0.96106243477,0.852293348949,1.07883807586
2020-09-25,,,614.20515813,395,919,202760.920988,198283,208830,181492,94062,319190,2911073,1611955,4869589,53528327,38562361,72294517,0.961756763453,0.850897235761,1.08123465618
2020-09-26,,,605.131865817,387,910,203366.052854,198671,209739,180130,92387,319629,2882055,1582371,4852618,53708457,38654748,72614146,0.962454514155,0.849165237714,1.08425354523
2020-09-27,,,596.254263501,379,901,203962.307117,199050,210639,178849,90767,320262,2854272,1553388,4838993,53887306,38745515,72934408,0.963155543078,0.847411211514,1.08746008844
2020-09-28,,,587.575044329,371,892,204549.882162,199422,211530,177650,89170,321409,2827720,1525113,4828499,54064956,38834685,73255817,0.963859701915,0.845593118804,1.09066488353
2020-09-29,,,579.095786273,363,882,205128.977948,199785,212411,176533,87516,322579,2802396,1497307,4821184,54241489,38922201,73578396,0.964566837627,0.843782577446,1.09386726677
2020-09-30,,,570.81756254,355,874,205699.795511,200141,213285,175497,86106,323946,2778300,1470107,4817235,54416986,39008307,73902342,0.965276792185,0.841979479744,1.09738813966
2020-10-01,,,562.741390034,348,868,206262.536901,200489,214152,174545,84887,326014,2755430,1443590,4817458,54591531,39093194,74228356,0.965995166143,0.840183718226,1.10122108056
2020-10-02,,,554.868268881,341,861,206817.405169,200831,215012,173677,83452,327697,2733789,1417658,4820936,54765208,39176646,74556053,0.966718910514,0.838463399619,1.103651832
2020-10-03,,,547.199164233,334,854,207364.604334,201166,215866,172892,82170,329522,2713376,1392502,4828049,54938100,39258816,74885575,0.967445130856,0.836678006058,1.10607123794
2020-10-04,,,539.734681078,327,847,207904.339015,201493,216711,172192,80755,331677,2694195,1368080,4838833,55110292,39339571,75217252,0.968177256511,0.834899644621,1.11014608439
2020-10-05,,,532.475126701,321,840,208436.814141,201815,217550,171577,79502,334197,2676250,1344414,4853402,55281869,39419073,75551449,0.968917614588,0.833128210031,1.11343043114
2020-10-06,,,525.420652348,315,834,208962.234794,202130,218383,171048,78262,337243,2659544,1321526,4871142,55452917,39497335,75888692,0.969661620689,0.831363597802,1.11670974716
2020-10-07,,,518.571343393,308,827,209480.806137,202439,219209,170607,77092,340958,2644085,1299446,4892377,55623524,39574427,76229650,0.970407110215,0.829750409706,1.11998317813
2020-10-08,,,511.927241982,302,822,209992.733379,202741,220030,170254,75876,344829,2629878,1277848,4917752,55793778,39650303,76574479,0.97115450754,0.828190752756,1.12324982407
2020-10-09,,,505.488181074,296,815,210498.22156,203038,220844,169990,74761,348765,2616932,1256888,4947255,55963768,39725064,76923244,0.971910727676,0.827010128283,1.12769421877
2020-10-10,,,499.253782736,290,810,210997.475343,203329,221653,169817,73634,352835,2605257,1236461,4980916,56133585,39798698,77276079,0.972676598571,0.82561474891,1.13118377426
2020-10-11,,,493.223495473,284,804,211490.698838,203614,222456,169736,72661,357345,2594862,1216734,5018657,56303321,39871359,77633424,0.973446170196,0.824935800749,1.13466435342
2020-10-12,,,487.396630843,279,799,211978.095469,203895,223253,169748,71714,362766,2585761,1197680,5061181,56473069,39943073,77996190,0.974217202961,0.824349580545,1.13743422127
2020-10-13,,,481.77249908,274,794,212459.867968,204170,224046,169855,70683,367781,2577966,1179191,5107578,56642924,40013756,78363971,0.974992315154,0.823721109807,1.14215139737
2020-10-14,,,476.350501348,269,789,212936.21847,204440,224834,170059,69733,372925,2571493,1161406,5157942,56812983,40083489,78736896,0.975773563119,0.823095340541,1.14651004147
2020-10-15,,,471.12998419,265,785,213407.348454,204705,225617,170361,68714,379205,2566357,1144010,5213209,56983344,40152203,79116101,0.976576817086,0.822859852249,1.14944525869
2020-10-16,,,466.110254002,260,781,213873.458708,204966,226397,170764,67763,384875,2562575,1126882,5272070,57154108,40219966,79500976,0.977385628691,0.82226102843,1.15201187358
2020-10-17,,,461.290612812,255,776,214334.749321,205222,227172,171269,66826,390359,2560168,1110252,5334736,57325377,40286792,79891335,0.978194230276,0.821084288676,1.15539396966
2020-10-18,,,456.670408279,250,773,214791.419729,205473,227943,171878,65849,397175,2559154,1093928,5402396,57497255,40352641,80288510,0.979002496513,0.820692579946,1.1593974736
2020-10-19,,,452.249183325,245,772,215243.668912,205720,228714,172594,64952,404857,2559557,1078123,5475574,57669849,40417593,80693367,0.979813368444,0.820626046443,1.16336134511
2020-10-20,,,448.026540339,241,772,215691.695453,205961,229485,173420,64098,412559,2561401,1062715,5553918,57843269,40481691,81105926,0.980628177704,0.820647268608,1.16629476769
2020-10-21,,,444.002144435,236,772,216135.697597,206198,230254,174358,63185,420633,2564710,1047633,5637284,58017627,40544876,81526559,0.981445971311,0.819717006788,1.16926687616
2020-10-22,,,440.175737082,232,771,216575.873334,206431,231023,175410,62404,428914,2569513,1032944,5725220,58193037,40607280,81955473,0.982279757858,0.819497946621,1.17287672232
2020-10-23,,,436.547167722,228,770,217012.420502,206660,231792,176579,61656,437514,2575838,1018723,5817887,58369616,40668936,82392987,0.983113745717,0.819338581693,1.17698293161
2020-10-24,,,433.116665365,224,770,217445.537167,206884,232560,177869,60894,446880,2583718,1004858,5915991,58547485,40729830,82839867,0.983946029516,0.818618693858,1.17884815185
2020-10-25,,,429.884574905,220,772,217875.421742,207105,233329,179283,60105,455758,2593183,991331,6018924,58726768,40789935,83295625,0.984776953643,0.817478026559,1.18243756778
2020-10-26,,,426.851367411,216,773,218302.27311,207322,234100,180823,59438,465693,2604271,978108,6127282,58907591,40849373,83761318,0.98560937088,0.817299471094,1.18583416789
2020-10-27,,,424.01765607,212,776,218726.290766,207536,234874,182494,58761,475999,2617017,965156,6240532,59090085,40908134,84237317,0.98643703415,0.816744282273,1.18920254055
2020-10-28,,,421.384231462,208,780,219147.674997,207745,235652,184299,58115,488486,2631461,952590,6361248,59274384,40966249,84725803,0.987261529246,0.816553696075,1.19198552289
2020-10-29,,,418.952101849,205,783,219566.627099,207951,236432,186242,57405,501968,2647644,940262,6490298,59460626,41023654,85227771,0.988085661655,0.816270098011,1.19552320273
2020-10-30,,,416.722480395,202,786,219983.349579,208154,237216,188326,56809,514757,2665608,928359,6625848,59648952,41080463,85742528,0.988909566988,0.815670952549,1.19931255376
2020-10-31,,,414.69677326,198,791,220398.046353,208353,238004,190556,56156,527540,2685400,916753,6768505,59839508,41136619,86270068,0.989726881174,0.814785767932,1.20292001381
2020-11-01,,,412.876577433,195,796,220810.92293,208550,238797,192935,55554,541005,2707067,905482,6919159,60032443,41192173,86811073,0.990538561532,0.81467725388,1.20649880267
