date,actual_deaths,total_deaths,predicted_deaths_mean,predicted_deaths_lower,predicted_deaths_upper,predicted_total_deaths_mean,predicted_total_deaths_lower,predicted_total_deaths_upper,predicted_new_infected_mean,predicted_new_infected_lower,predicted_new_infected_upper,predicted_current_infected_mean,predicted_current_infected_lower,predicted_current_infected_upper,predicted_total_infected_mean,predicted_total_infected_lower,predicted_total_infected_upper,r_values_mean,r_values_lower,r_values_upper
2020-02-05,0,0,,,,,,,126,66,178,126,66,178,126,66,178,2.26091229926,2.1,2.4
2020-02-06,0,0,,,,,,,126,66,178,251,132,356,252,132,356,2.26090311051,2.09998886207,2.39999969903
2020-02-07,0,0,,,,,,,126,66,178,377,197,534,378,198,534,2.26090001113,2.0999851954,2.39999953827
2020-02-08,0,0,,,,,,,126,66,178,502,264,712,504,264,712,2.26089585389,2.09998025483,2.39999929158
2020-02-09,0,0,,,,,,,286,163,405,788,441,1102,790,427,1117,2.26089027279,2.09997385931,2.39999893767
2020-02-10,0,0,,,,,,,286,163,405,1073,610,1501,1076,590,1522,2.26088277323,2.09996539119,2.39999844009
2020-02-11,0,0,,,,,,,286,163,405,1359,776,1903,1362,753,1927,2.26087268599,2.0999541785,2.3999976679
2020-02-12,0,0,,,,,,,286,163,405,1644,941,2305,1648,916,2332,2.2608591045,2.09994066553,2.39999646526
2020-02-13,0,0,,,,,,,459,277,648,2103,1236,2930,2107,1193,2980,2.26084079905,2.09992052058,2.39999464161
2020-02-14,0,0,,,,,,,668,406,933,2771,1648,3857,2775,1599,3913,2.26078681851,2.09986025773,2.39996767498
2020-02-15,0,0,,,,,,,1207,744,1624,3978,2446,5441,3982,2343,5537,2.26074979337,2.09981859201,2.39996044739
2020-02-16,0,0,,,,,,,2404,1462,3090,6382,4035,8469,6386,3805,8627,2.26069273857,2.09975431222,2.39994390301
2020-02-17,0,0,,,,,,,3889,2515,4920,10272,6682,13301,10275,6320,13547,2.2606197447,2.09967173912,2.39992449555
2020-02-18,0,0,,,,,,,4305,2825,5456,14576,9546,18729,14580,9145,19003,2.26052411114,2.09956227974,2.39990075196
2020-02-19,0,0,,,,,,,5056,3373,6402,19632,12980,25084,19636,12518,25405,2.26039702067,2.09943290289,2.39986929834
2020-02-20,0,0,,,,,,,5197,3477,6593,24704,16402,31490,24833,15995,31998,2.26022570085,2.09926442903,2.39982569251
2020-02-21,0,0,,,,,,,5728,3897,7258,30306,20256,38550,30561,19892,39256,2.25999315861,2.09902703311,2.39976208603
2020-02-22,0,0,,,,,,,6790,4697,8628,36970,24934,46962,37351,24589,47884,2.25968007104,2.09872044895,2.39967356549
2020-02-23,0,0,,,,,,,8128,5719,10307,44973,30679,57015,45479,30308,58191,2.25925856193,2.09831624643,2.39954801955
2020-02-24,0,0,,,,,,,10343,7272,13196,55030,37869,69750,55822,37580,71387,2.2586886671,2.09778010315,2.39937169104
2020-02-25,0,0,,,,,,,16239,10840,20667,70984,48722,89896,72061,48420,92054,2.25791542954,2.09709812204,2.39911385107
2020-02-26,0,0,,,,,,,19627,13329,25051,90325,61931,114505,91688,61749,117105,2.25686313725,2.09621907392,2.39873830252
2020-02-27,0,0,,,,,,,21398,14420,27536,111437,76201,141622,113086,76169,144641,2.25542927887,2.09510054882,2.39818971454
2020-02-28,0,0,,,,,,,25997,17360,33779,136976,93281,174747,139083,93529,178420,2.25347280423,2.09365033332,2.39738376729
2020-02-29,1,1,,,,,,,31817,20681,41996,168124,113566,215770,170900,114210,220416,2.25079907551,2.09161115171,2.39620768662
2020-03-01,0,1,,,,,,,41353,26283,55259,208271,139167,269288,212253,140493,275675,2.24714077156,2.08862468656,2.39446401308
2020-03-02,5,6,,,,,,,51439,32390,69409,257305,170198,335455,263692,172883,345084,2.24213275063,2.08424663828,2.39190743119
2020-03-03,1,7,,,,,,,63831,40005,86797,317247,207782,417189,327523,212888,431881,2.23528013256,2.07908927065,2.38807472694
2020-03-04,4,11,,,,,,,78382,48493,107609,391324,253555,519175,405905,261381,539490,2.22591832123,2.071748156,2.38238047592
2020-03-05,1,12,,,,,,,98042,59945,135753,484310,310232,648327,503947,321326,675243,2.2131675531,2.06205428943,2.37368968865
2020-03-06,2,14,,,,,,,120186,72770,167829,599298,379631,809333,624133,394096,843072,2.19588920496,2.04744184509,2.36173931128
2020-03-07,3,17,,,,,,,145227,88080,203617,738797,463899,1005520,769360,482176,1046689,2.17265844447,2.02784510191,2.34485160414
2020-03-08,4,21,,,,,,,172599,106054,240478,904607,565247,1237286,941959,588230,1287167,2.14178048745,1.99396496961,2.32131572755
2020-03-09,1,22,,,,,,,201549,127163,276383,1098027,686569,1503408,1143508,715393,1563550,2.10139168018,1.93914247093,2.2866830038
2020-03-10,6,28,,,,,,,230987,152169,312353,1318672,831217,1802710,1374495,867562,1875903,2.04969291947,1.86754555261,2.26239857755
2020-03-11,5,33,,,,,,,257173,174331,344149,1559606,994669,2126137,1631668,1041893,2220052,1.98533906298,1.78229353888,2.2393671996
2020-03-12,10,43,,,,,,,278540,189215,371620,1818519,1170426,2472710,1910208,1231108,2591672,1.90793255397,1.68388885803,2.18515399965
2020-03-13,8,51,,,,,,,294929,203502,391140,2092050,1359398,2836263,2205137,1434610,2982812,1.81846039624,1.57116998461,2.11684570041
2020-03-14,7,58,,,,,,,306157,210963,402130,2372210,1552928,3204528,2511294,1645573,3384942,1.71945767528,1.45588204544,2.04823244873
2020-03-15,12,70,,,,,,,313577,217032,412507,2653971,1749345,3574862,2824871,1862605,3797449,1.61476888463,1.33623122883,1.97969846907
2020-03-16,27,97,,,,,,,317654,222041,423058,2930272,1945314,3942416,3142525,2084646,4220507,1.50896916404,1.21871625438,1.89358715992
2020-03-17,35,132,,,,,,,319283,226279,427968,3198116,2139570,4300685,3461808,2310925,4648475,1.40664863804,1.12547968355,1.78972496521
2020-03-18,59,191,,,,,,,319323,230395,428502,3453607,2330583,4642043,3781131,2541320,5076977,1.31177101715,1.05260452628,1.67226575619
2020-03-19,73,264,,,,,,,318293,233097,425528,3693519,2516048,4959443,4099424,2774417,5502505,1.22723496055,1.00266777508,1.56277378582
2020-03-20,99,363,,,,,,,316661,235310,423642,3912138,2692569,5246625,4416085,3009727,5926147,1.15467569636,0.967330165669,1.44369913595
2020-03-21,99,462,,,,,,,314531,236648,420025,4106484,2857796,5498063,4730616,3246375,6346172,1.09449175189,0.939707323745,1.34408698284
2020-03-22,110,572,,,,,,,311995,237530,416507,4273252,3008787,5710256,5042611,3483905,6762679,1.0460573165,0.922820592768,1.26156425686
2020-03-23,189,761,,,,,,,309180,237888,410807,4409833,3142260,5879911,5351791,3721793,7173486,1.0080537651,0.905153763835,1.19118342204
2020-03-24,239,1000,,,,,,,306120,237396,403299,4514404,3254121,6006021,5657911,3959189,7576785,0.978826721246,0.884388767385,1.12786834671
2020-03-25,324,1324,,,,,,,302843,234457,396376,4586260,3337689,6089049,5960754,4193646,7973161,0.95668115006,0.871170606687,1.07280332903
2020-03-26,408,1732,,,,,,,299336,232761,389724,4628423,3397281,6133694,6260090,4426407,8362885,0.940071084839,0.86145287042,1.03544133747
2020-03-27,518,2250,,,,,,,295575,231187,383073,4645458,3439955,6144274,6555665,4657594,8745958,0.927688629682,0.854123323808,1.00657339768
2020-03-28,633,2883,,,,,,,291561,227612,376077,4642090,3464157,6128392,6847226,4885206,9122035,0.918481872953,0.849263765983,0.98653046628
2020-03-29,586,3469,,,,,,,287327,223701,369073,4623260,3476305,6094674,7134553,5108907,9491108,0.911633469412,0.845707918271,0.9724282918
2020-03-30,692,4161,,,,,,,282817,219378,361810,4592499,3477487,6043625,7417370,5328285,9852918,0.906523138702,0.843313636649,0.962364269415
2020-03-31,1085,5246,,,,,,,278079,214689,354436,4552924,3468504,5975148,7695449,5542974,10207354,0.902687658843,0.841699756951,0.957020271098
2020-04-01,1172,6418,,,,,,,273132,210187,347170,4506773,3450618,5894957,7968581,5753161,10554524,0.899784829485,0.840501601098,0.952703129056
2020-04-02,1503,7921,,,,,,,268002,205764,340102,4455452,3424315,5807492,8236583,5958925,10894626,0.897563659152,0.839566368757,0.949371638752
2020-04-03,1392,9313,,,,,,,262717,201678,333557,4399876,3391347,5716533,8499300,6160603,11228183,0.895840891937,0.838407195107,0.946707265362
2020-04-04,1523,10836,,,,,,,257306,197159,326613,4340520,3351865,5620586,8756606,6357762,11554796,0.894483087256,0.837546714827,0.944861964353
2020-04-05,1590,12426,,,,,,,251803,192658,319897,4277793,3306816,5521625,9008409,6550420,11874693,0.893393209182,0.836908584876,0.943285499849
2020-04-06,1770,14196,,,,,,,246249,188135,313301,4212046,3256703,5419714,9254658,6738555,12187994,0.892500720739,0.836463102886,0.942152642822
2020-04-07,2571,16767,,,,,,,240677,183714,306331,4143543,3202084,5316479,9495335,6922269,12494325,0.891754329115,0.835824440898,0.941309305831
2020-04-08,2146,18913,,,,,,,235125,179288,299308,4072549,3143700,5213473,9730460,7101557,12793633,0.891116701246,0.835326757786,0.940523229912
2020-04-09,2228,21141,,,,,,,229623,174770,292413,3999328,3083776,5110233,9960083,7276327,13086046,0.890560627609,0.834856778477,0.940031123194
2020-04-10,2218,23359,,,,,,,224196,170471,285443,3924189,3021339,5006516,10184279,7446798,13371489,0.890066242716,0.834382746829,0.939501027715
2020-04-11,2119,25478,,,,,,,218865,166256,278737,3847478,2956297,4902593,10403144,7613054,13650226,0.889616103351,0.833979314645,0.938990838911
2020-04-12,1816,27294,,,,,,,213643,162078,272307,3769560,2890675,4799087,10616787,7775132,13922533,0.889203911518,0.833522654468,0.938657582477
2020-04-13,1946,29240,,,,,,,208541,158184,266176,3690774,2825088,4696375,10825328,7933316,14188709,0.888819208881,0.83321562401,0.938347893598
2020-04-14,2455,31695,,,,,,,203564,154167,260154,3611522,2759841,4594806,11028892,8087483,14448863,0.888458647362,0.832870832673,0.938027981118
2020-04-15,2609,34304,,,,,,,198714,150250,254489,3532156,2695395,4494892,11227606,8237733,14703352,0.888127635199,0.832532486542,0.937742638221
2020-04-16,2176,36480,,,,,,,193991,146367,248988,3453015,2631588,4396728,11421597,8384100,14952340,0.887809903991,0.832283682026,0.93745831515
2020-04-17,2093,38573,,,,,,,189394,142587,243621,3374408,2568435,4300262,11610991,8526687,15195961,0.887507658854,0.831978522623,0.937179410411
2020-04-18,1960,40533,,,,,,,184919,139000,238613,3296610,2505784,4205327,11795910,8665687,15434574,0.887219706317,0.831718779241,0.936925069108
2020-04-19,1931,42464,,,,,,,180563,135424,233710,3219867,2444074,4112447,11976473,8801111,15668284,0.886947668837,0.831380497555,0.936672771605
2020-04-20,2186,44650,,,,,,,176323,131793,228797,3144387,2383229,4021382,12152796,8932904,15897081,0.886690963206,0.831111530085,0.936423024747
2020-04-21,2548,47198,,,,,,,172194,128221,224216,3070332,2323320,3932351,12324990,9061125,16121297,0.886450067242,0.83086919667,0.936147499071
2020-04-22,2434,49632,,,,,,,168175,124756,219698,2997830,2264356,3845798,12493165,9185881,16340995,0.886226266259,0.830643832068,0.935889172787
2020-04-23,2466,52098,,,,,,,164261,121496,215278,2926965,2206540,3761868,12657426,9307377,16556273,0.886023045392,0.830480700813,0.93563515519
2020-04-24,2154,54252,,,,,,,160450,118240,210917,2857792,2149968,3680482,12817876,9425617,16767190,0.885844782247,0.830287108586,0.935384398336
2020-04-25,1698,55950,,,,,,,156743,114931,206777,2790339,2094385,3601926,12974619,9540548,16973967,0.885697367045,0.830197178646,0.935169290443
2020-04-26,1329,57279,,,,,,,153136,111780,202766,2724611,2039871,3526054,13127755,9652328,17176733,0.885589656758,0.830044352184,0.935037830644
2020-04-27,1466,58745,,,,,,,149628,108657,198953,2660596,1986410,3452785,13277383,9760985,17375686,0.885532706268,0.829908778926,0.934805925599
2020-04-28,2241,60986,,,,,,,146217,105649,195244,2598272,1933836,3381925,13423600,9866634,17570930,0.885541851552,0.829925701764,0.934652882472
2020-04-29,2521,63507,,,,,,,142904,102685,191596,2537612,1882316,3313420,13566504,9969319,17762526,0.885637533198,0.82978293013,0.934671929839
2020-04-30,2322,65829,,,,,,,139688,99865,187979,2478587,1831895,3246947,13706192,10069184,17950505,0.885846718516,0.829657891874,0.934600368473
2020-05-01,1891,67720,,,,,,,136572,97166,184534,2421168,1782666,3182521,13842764,10166350,18135039,0.886204627817,0.829538722251,0.934636217055
2020-05-02,1692,69412,,,,,,,133552,94393,181165,2365326,1734448,3120077,13976316,10260743,18316204,0.886756716362,0.829823375911,0.934777184
2020-05-03,1120,70532,,,,,,,130632,91826,177898,2311039,1687253,3059366,14106948,10352569,18494102,0.887560330471,0.829734176872,0.935316661477
2020-05-04,1333,71865,,,,,,,127814,89323,174812,2258290,1641135,3000465,14234762,10441892,18668914,0.888685837989,0.829790701565,0.936069226184
2020-05-05,2318,74183,,,,,,,125102,86924,171796,2207069,1596250,2943455,14359864,10528816,18840710,0.890216140542,0.829993170519,0.937857456962
2020-05-06,2364,76547,,,,,,,122498,84661,168967,2157373,1552674,2888193,14482362,10613477,19009677,0.89224337081,0.830452835617,0.945150991772
2020-05-07,1934,78481,,,,,,,120008,82444,166202,2109206,1510344,2834681,14602370,10695921,19175879,0.894861460081,0.830766048822,0.954982897392
2020-05-08,1747,80228,,,,,,,117636,80346,163598,2062582,1469177,2782985,14720006,10776267,19339477,0.898154157642,0.831265191211,0.970863050672
2020-05-09,1488,81716,,,,,,,115391,78322,161122,2017522,1429243,2733176,14835397,10854589,19500599,0.902180532449,0.831677419129,0.993431606687
2020-05-10,893,82609,,,,,,,113281,76478,158922,1974059,1390778,2685307,14948678,10931067,19659521,0.906963642311,0.83218867339,1.01994765928
2020-05-11,1014,83623,,,,,,,111316,74830,156885,1932239,1353820,2639412,15059994,11005897,19816406,0.912490172407,0.832280734423,1.05110013406
2020-05-12,1627,85250,,,,,,,109508,73226,155004,1892119,1318381,2595448,15169502,11079123,19971410,0.918725137907,0.833408990645,1.07997944921
2020-05-13,1764,87014,,,,,,,107871,71749,153393,1853773,1284478,2553579,15277373,11150872,20124803,0.925635844285,0.834365692881,1.10791964323
2020-05-14,1783,88797,,,,,,,106418,70436,151869,1817286,1252229,2513836,15383791,11221308,20276672,0.933211325077,0.835814502157,1.13460428883
2020-05-15,1681,90478,,,,,,,105163,69317,150488,1782760,1221683,2476329,15488954,11290625,20427160,0.941466964627,0.838054580269,1.15752390122
2020-05-16,1216,91694,,,,,,,104121,68278,149380,1750309,1192800,2441161,15593075,11358903,20576540,0.950436166368,0.840455632832,1.17772659968
2020-05-17,758,92452,,,,,,,103305,67424,148573,1720062,1165841,2408555,15696380,11426327,20725113,0.960157546734,0.844073810304,1.19213845086
2020-05-18,1172,93624,,,,,,,102729,66812,147970,1692158,1140838,2378614,15799109,11493139,20873083,0.970660046417,0.849022956796,1.20474622182
2020-05-19,1552,95176,,,,,,,102405,66339,147760,1666749,1117872,2351549,15901514,11559478,21020843,0.981940053108,0.855664817029,1.23395062499
2020-05-20,1526,96702,,,,,,,102346,66192,148049,1643993,1097168,2327784,16003860,11625670,21168892,0.993929889415,0.864483365542,1.24610375082
2020-05-21,1217,97919,,,,,,,102563,66165,148661,1624058,1078709,2307455,16106423,11691835,21317553,1.00647341,0.874693077511,1.25369106728
2020-05-22,1244,99163,,,,,,,103065,66421,149563,1607115,1062728,2290787,16209488,11758256,21467116,1.01933211328,0.875425100656,1.25997172464
2020-05-23,1109,100272,,,,,,,103865,66862,150815,1593344,1049292,2277970,16313353,11825118,21617931,1.03223020475,0.87565192692,1.26196996149
2020-05-24,622,100894,,,,,,,104971,67409,152379,1582925,1038429,2269183,16418324,11892527,21770310,1.0449199035,0.875929660536,1.26640554852
2020-05-25,548,101442,,,,,,,106394,68237,154225,1576038,1030243,2264439,16524718,11960764,21924535,1.05723306219,0.876439337362,1.28002363666
2020-05-26,662,102104,,,,,,,108151,69438,156547,1572873,1024912,2264059,16632869,12030202,22081082,1.06909452583,0.877363548685,1.29701016893
2020-05-27,1518,103622,,,,,,,110252,70886,159287,1573617,1022634,2268295,16743121,12101088,22240369,1.0804984371,0.878730754823,1.30953767998
2020-05-28,1178,104800,,,,,,,112703,72607,162552,1578448,1023557,2277398,16855824,12173695,22402921,1.09146983454,0.881229462452,1.3142330105
2020-05-29,1160,105960,,,,,,,115513,74582,166026,1587544,1027765,2291497,16971337,12248277,22568947,1.10202854813,0.883247343981,1.32050454893
2020-05-30,963,106923,,,,,,,118697,76880,170093,1601078,1035382,2311043,17090034,12325157,22739040,1.11222102767,0.886427587889,1.33295568013
2020-05-31,581,107504,,,,,,,122269,79512,174555,1619226,1046659,2336156,17212303,12404669,22913595,1.12207816808,0.891354161845,1.34231285397
2020-06-01,776,108280,,,,,,,126249,82541,179573,1642171,1061810,2367098,17338552,12487210,23093168,1.13164125014,0.898025100073,1.3473382408
2020-06-02,1068,109348,,,,,,,130650,85737,184951,1670092,1080763,2404035,17469202,12572947,23278119,1.1409017281,0.907370729115,1.35178084306
2020-06-03,1007,110355,,,,,,,135490,89214,191011,1703177,1103656,2447234,17604692,12662161,23469130,1.14981711525,0.920174170949,1.35396347565
2020-06-04,1023,111378,,,,,,,140787,93213,198078,1741618,1130693,2497195,17745479,12755374,23667208,1.15829762534,0.930380283836,1.35468557376
2020-06-05,914,112292,,,,,,,146556,97579,205631,1785612,1162114,2554086,17892035,12852953,23872839,1.16625895452,0.935899094691,1.35479115564
2020-06-06,659,112951,,,,,,,152816,102094,214176,1835363,1197787,2618602,18044851,12955047,24087015,1.17363325052,0.941328016621,1.3532961519
2020-06-07,438,113389,,,,,,,159581,107177,223330,1891079,1238102,2691026,18204432,13062224,24310345,1.18034432319,0.948808218602,1.3510089733
2020-06-08,519,113908,,,,,,,166866,112391,232742,1952974,1283076,2771296,18371298,13174615,24543087,1.18634594715,0.958495804537,1.35245013368
2020-06-09,950,114858,,,,,,,174679,118318,243356,2021259,1333148,2860350,18545977,13292933,24786443,1.19157496553,0.968714649206,1.35305154081
2020-06-10,901,115759,,,,,,,183026,124637,254522,2096134,1388337,2958266,18729003,13417570,25040965,1.19597470232,0.984727937321,1.35376934958
2020-06-11,871,116630,,,,,,,191902,131415,266622,2177784,1448863,3065550,18920905,13548985,25307587,1.1995208979,1.00794246454,1.35394745186
2020-06-12,828,117458,,,,,,,201300,138353,279207,2266381,1514598,3182149,19122205,13687338,25586794,1.20217289709,1.03458791888,1.35282785049
2020-06-13,759,118217,,,,,,,211199,145743,292301,2362068,1585744,3308372,19333404,13833081,25879095,1.20391875193,1.05529572394,1.35150542896
2020-06-14,308,118525,,,,,,,221572,153601,306508,2464943,1662454,3444753,19554976,13986682,26185603,1.20472088814,1.05164542464,1.35269053493
2020-06-15,394,118919,,,,,,,232374,161661,321390,2575047,1744595,3591566,19787350,14148343,26506993,1.20458647976,1.04788799759,1.3528401841
2020-06-16,838,119757,,,,,,,243552,170307,336392,2692350,1832344,3748380,20030902,14318650,26843385,1.20349907399,1.03470690833,1.35178565129
2020-06-17,744,120501,,,,,,,255039,179207,350948,2816739,1925800,3914393,20285941,14497857,27194333,1.20147613739,1.02960465688,1.35156210985
2020-06-18,718,121219,,,,,,,266756,188409,365339,2948005,2024972,4088748,20552697,14686266,27559672,1.19854662816,1.02160006983,1.35143667472
2020-06-19,670,121889,,,,,,,278612,197586,380166,3085830,2129324,4270876,20831309,14883852,27939838,1.19472638256,1.01315663463,1.35145888252
2020-06-20,604,122493,,,,,,,290505,207169,394477,3229779,2238901,4459763,21121814,15091021,28334315,1.19004315023,1.00495346258,1.35313660124
2020-06-21,285,122778,,,,,,,302325,216341,409335,3379288,2353126,4654973,21424139,15307362,28743650,1.18452333066,0.997270825322,1.35357458479
2020-06-22,389,123167,,,,,,,313954,225872,422699,3533661,2471807,4854391,21738093,15533234,29166349,1.17825551889,0.990193529894,1.3539779243
2020-06-23,847,124014,,,,,,,325279,235557,436141,3692073,2594942,5057846,22063372,15768791,29602490,1.17135667223,0.985502612375,1.35317661133
2020-06-24,759,124773,,,,,,,336189,244653,448999,3853583,2721228,5263516,22399561,16013444,30051489,1.16396108457,0.980793963794,1.35371485524
2020-06-25,551,125324,,,,,,,346588,253595,461144,4017145,2850138,5470103,22746149,16267039,30512633,1.1562088682,0.975007825368,1.35331695662
2020-06-26,617,125941,,,,,,,356397,262583,472287,4181640,2981273,5675719,23102546,16529622,30984920,1.14819864536,0.970231251541,1.3529136514
2020-06-27,504,126445,,,,,,,365555,270564,481606,4345896,3113449,5878086,23468101,16800186,31466526,1.14003613988,0.967450179137,1.35177073183
2020-06-28,273,126718,,,,,,,374021,277549,490093,4508717,3245228,6075819,23842122,17077735,31956619,1.1317938733,0.964632510457,1.35042341951
2020-06-29,377,127095,,,,,,,381763,284478,498149,4668908,3376095,6267379,24223885,17362213,32454768,1.12353792593,0.962147966645,1.34994934453
2020-06-30,625,127720,,,,,,,388767,290943,505559,4825302,3505388,6451461,24612652,17653156,32960327,1.11531198176,0.959319091949,1.34825118287
2020-07-01,694,128414,,,,,,,395028,296808,512600,4976778,3631899,6627656,25007680,17949964,33472927,1.10712402149,0.956532420223,1.34511539691
2020-07-02,727,129141,,,,,,,400551,302203,517985,5122290,3754918,6794741,25408231,18252167,33990912,1.09897078651,0.953878760777,1.3406237252
2020-07-03,660,129801,,,,,,,405353,306750,523930,5260888,3873288,6953399,25813584,18558917,34514842,1.09082583947,0.952955754081,1.33499789855
2020-07-04,265,130066,,,,,,,409463,310482,527995,5391739,3986230,7101289,26223047,18869399,35042837,1.08268486928,0.950746709996,1.32642540195
2020-07-05,288,130354,,,,,,,412913,313980,531273,5514147,4093086,7238103,26635960,19183379,35574110,1.07455868791,0.947639602492,1.31478138275
2020-07-06,355,130709,,,,,,,415739,316971,534389,5627561,4193753,7363172,27051699,19500350,36108499,1.0664781232,0.944832744419,1.30397596038
2020-07-07,1222,131931,,,,,,,417977,319313,537119,5731584,4287203,7477570,27469676,19819663,36645618,1.05848794145,0.942208668775,1.2931449244
2020-07-08,863,132794,,,,,,,419659,320588,538788,5825963,4372237,7580214,27889335,20140251,37184406,1.05064533058,0.940108694952,1.28596104282
2020-07-09,1003,133797,,,,,,,420816,321983,539739,5910591,4449573,7670969,28310151,20462234,37724145,1.04301261722,0.937974312111,1.27948972352
2020-07-10,824,134621,,,,,,,421477,322986,540183,5985480,4518976,7750009,28731628,20785220,38264328,1.03565257356,0.935798495131,1.2721130046
2020-07-11,690,135311,,,,,,,421671,323802,540618,6050754,4580219,7818353,29153299,21109022,38804946,1.0286290122,0.934596149696,1.26206233454
2020-07-12,459,135770,,,,,,,421426,324411,540273,6106625,4634103,7877034,29574725,21433433,39345219,1.02199929153,0.932742867125,1.25057283409
2020-07-13,367,136137,,,,,,,420769,324541,539652,6153373,4681125,7926606,29995494,21757974,39884871,1.0158030721,0.930529404117,1.23769958871
2020-07-14,926,137063,,,,,,,419725,323928,537765,6191335,4720602,7966237,30415219,22081902,40422636,1.01005528443,0.928468381728,1.22153854334
2020-07-15,968,138031,,,,,,,418321,323033,535325,6220889,4752717,7996047,30833540,22404935,40957961,1.00474905171,0.925335349253,1.2053841134
2020-07-16,943,138974,,,,,,,416581,321794,532777,6242443,4777728,8016313,31250121,22726729,41490738,0.99986583669,0.922577180653,1.19125170008
2020-07-17,930,139904,,,,,,,414529,320283,530036,6256421,4795841,8028447,31664650,23047012,42020774,0.995384923225,0.920663959036,1.18084702661
2020-07-18,868,140772,,,,,,,412187,318667,527051,6263255,4807794,8031673,32076837,23365679,42547825,0.991287222417,0.918958558568,1.16038989671
2020-07-19,447,141219,,,,,,,409580,316806,523716,6263371,4814149,8027490,32486417,23682485,43071541,0.987554469113,0.917284903351,1.14671919852
2020-07-20,514,141733,,,,,,,406728,314368,520550,6257186,4814554,8016839,32893145,23996853,43592091,0.984167436928,0.916149432776,1.13451943254
2020-07-21,1107,142840,,,,,,,403654,311350,517268,6245101,4808920,7999768,33296799,24308203,44109359,0.981105103385,0.914748667353,1.11769993829
2020-07-22,1216,144056,,,,,,,400379,308583,513174,6227502,4798139,7975858,33697178,24616786,44622533,0.97834454551,0.913003102801,1.0942145062
2020-07-23,1094,145150,,,,,,,396922,306187,509548,6204765,4783667,7946659,34094100,24922973,45132081,0.975861039298,0.912363382336,1.08207110537
2020-07-24,1132,146282,,,,,,,393303,303524,505178,6177252,4765122,7912130,34487403,25226497,45637259,0.973628458763,0.911403135535,1.0693277308
2020-07-25,899,147181,,,,,,,389556,300104,500938,6145331,4742156,7872918,34876959,25526601,46138197,0.971620228954,0.909327052134,1.06072788717
2020-07-26,472,147653,,,,,,,385681,296883,495549,6109341,4715165,7827880,35262640,25823484,46633746,0.969810705034,0.908600675846,1.05155400339
2020-07-27,1120,148773,,,,,,,381697,293502,490991,6069612,4684183,7778618,35644337,26116986,47124737,0.968176508241,0.90789856512,1.04418496175
2020-07-28,1374,150147,,,,,,,377618,289889,486457,6026462,4649454,7725453,36021955,26406875,47611194,0.966697340091,0.907557619301,1.03890734354
2020-07-29,1432,151579,,,,,,,373461,285895,481475,5980198,4611352,7669200,36395416,26692770,48092669,0.965356042989,0.906901035713,1.03563175636
2020-07-30,1209,152788,,,,,,,369239,282096,476272,5931115,4570360,7610189,36764655,26974866,48568941,0.964138004052,0.906084541968,1.03377359748
2020-07-31,1243,154031,,,,,,,364964,278448,472021,5879498,4526963,7549483,37129619,27253314,49040962,0.963030247764,0.904350679865,1.02837504108
2020-08-01,1115,155146,,,,,,,360645,275015,467464,5825614,4481650,7486966,37490264,27528329,49508426,0.962020619534,0.903262878704,1.02692853332
2020-08-02,403,155549,,,,,,,356292,271137,462454,5769719,4434092,7422431,37846556,27799466,49970880,0.961097323841,0.902319225865,1.02609791461
2020-08-03,530,156079,,,,,,,351916,267070,457283,5712055,4384336,7356057,38198472,28066536,50428163,0.960248860073,0.901809428322,1.02526579636
2020-08-04,1378,157457,,,,,,,347523,262530,452042,5652850,4332475,7287595,38545995,28329066,50880205,0.95946423125,0.900551954682,1.02442906051
2020-08-05,1376,158833,,,,,,,343123,258512,447081,5592319,4279611,7217446,38889118,28587578,51327286,0.958733247774,0.900062535913,1.0238764698
2020-08-06,1253,160086,,,,,,,338723,254517,442107,5530663,4225517,7146411,39227841,28842095,51769393,0.958046786706,0.899584829895,1.0233339883
2020-08-07,1242,161328,,,,,,,334328,250370,437520,5468069,4169675,7074407,39562169,29092465,52206913,0.957396938793,0.899012215149,1.02278965126
2020-08-08,1077,162405,,,,,,,329944,246195,432764,5404710,4112327,7002014,39892113,29338660,52639677,0.956777036026,0.898401604895,1.02222508828
2020-08-09,511,162916,,,,,,,325825,242105,428794,5340980,4054310,6929896,40217938,29580765,53068471,0.956181585914,0.89791411044,1.02166063557
2020-08-10,527,163443,,,,,,,321718,238160,424291,5277017,3995573,6858654,40539656,29818925,53492762,0.955606148321,0.897457586544,1.02092145834
2020-08-11,1064,164507,,,,,,,317639,234395,419972,5212959,3936455,6787661,40857295,30053320,53912734,0.955047186749,0.896671265824,1.02029268487
2020-08-12,1505,166012,,,,,,,313602,230013,415641,5148942,3876571,6716864,41170897,30283333,54328375,0.954501916845,0.896011321822,1.01966120276
2020-08-13,1070,167082,,,,,,,309633,226038,411854,5085115,3816713,6647254,41480530,30509371,54740229,0.953968165835,0.895518536691,1.01902703764
2020-08-14,1338,168420,,,,,,,305758,222263,407951,5021633,3756878,6578934,41786288,30731634,55148180,0.953444249522,0.895036669252,1.01836025292
2020-08-15,1034,169454,,,,,,,301958,218442,404162,4958628,3696870,6511080,42088246,30950076,55552342,0.952928868855,0.894565441835,1.01768318752
2020-08-16,571,170025,,,,,,,298220,214783,400681,4896203,3636642,6444308,42386466,31164859,55953023,0.952421025311,0.894104603176,1.01699800376
2020-08-17,446,170471,,,,,,,294544,211018,397393,4834455,3576527,6379257,42681010,31375877,56350416,0.951919953079,0.893613397917,1.01635437457
2020-08-18,1325,171796,,,,,,,290930,207291,394346,4773470,3516751,6316329,42971940,31583168,56744762,0.951425065471,0.893076244361,1.01587042979
2020-08-19,1353,173149,,,,,,,287387,203679,390905,4713333,3457904,6255203,43259327,31786847,57135667,0.950935913047,0.892550994359,1.0153152746
2020-08-20,1079,174228,,,,,,,283913,200014,387929,4654123,3399411,6196065,43543240,31986861,57523596,0.95045215116,0.892037408392,1.01478016821
2020-08-21,1105,175333,,,,,,,280505,196532,385016,4595905,3341433,6138989,43823745,32183393,57908612,0.94997351494,0.891535258775,1.01424327213
2020-08-22,982,176315,,,,,,,277160,193117,381455,4538737,3284187,6082933,44100905,32376510,58290067,0.949499800106,0.891044326969,1.01370786822
2020-08-23,450,176765,,,,,,,273877,189817,378206,4482670,3227816,6028384,44374782,32566327,58668273,0.949030848302,0.890592578457,1.01319983551
2020-08-24,442,177207,,,,,,,270847,186716,375186,4427692,3172433,5974784,44645629,32753043,59043459,0.949565249813,0.890446452168,1.01403872451
2020-08-25,1239,178446,,,,,,,267877,183836,372918,4373851,3118113,5923414,44913506,32936879,59416377,0.950107081764,0.890938108156,1.01406178132
2020-08-26,1225,179671,,,,,,,264975,180943,370291,4321187,3064662,5873738,45178481,33117822,59786668,0.950655812487,0.891915435117,1.01545766907
2020-08-27,1111,180782,,,,,,,262149,177997,368145,4269734,3012646,5826241,45440630,33295819,60154813,0.951211397335,0.892541079732,1.01671860777
2020-08-28,971,181753,,,,,,,259415,175094,366133,4219515,2961702,5780511,45700045,33470913,60520946,0.951773780051,0.891427515047,1.0178425859
2020-08-29,958,182711,,,,,,,256794,172234,363709,4170551,2911671,5736257,45956839,33643147,60884655,0.952342889278,0.891013055205,1.01907296825
2020-08-30,310,183021,,,,,,,254269,169500,361883,4122861,2862728,5693965,46211108,33812647,61246538,0.952918611579,0.89048971732,1.02047469353
2020-08-31,573,183594,,,,,,,251829,166895,360127,4076469,2814839,5653399,46462937,33979542,61606665,0.953500786617,0.888898022478,1.02238577414
2020-09-01,1067,184661,,,,,,,249472,164287,358767,4031398,2768103,5614757,46712409,34143829,61965432,0.954089293872,0.887174237454,1.02385698573
2020-09-02,1056,185717,,,,,,,247200,161719,357652,3987667,2722527,5578047,46959609,34305548,62323084,0.954684042993,0.887060673226,1.02723382167
2020-09-03,1070,186787,,,,,,,245018,159223,356674,3945299,2678065,5543796,47204627,34464771,62679758,0.955284944024,0.885185698124,1.02832860953
2020-09-04,965,187752,,,,,,,242927,156913,355795,3904313,2634960,5511646,47447554,34621684,63035553,0.955891904764,0.884304658604,1.03105960877
2020-09-05,783,188535,,,,,,,240922,154781,355157,3864730,2593208,5481780,47688476,34776465,63390710,0.956504814241,0.884460461632,1.03321633972
2020-09-06,403,188938,,,,,,,239003,152604,354577,3826573,2552694,5454884,47927479,34929069,63745287,0.957123560951,0.885376845265,1.03645174888
2020-09-07,267,189205,,,,,,,237167,150428,354040,3789864,2513304,5430704,48164646,35079497,64099327,0.957748039444,0.883817710701,1.03840550769
2020-09-08,445,189650,,,,,,,235418,148351,353664,3754435,2474940,5409163,48400064,35227848,64452991,0.958378147294,0.881470946748,1.04140507758
2020-09-09,1206,190856,,,,,,,233756,146252,353205,3720313,2437355,5389432,48633820,35374100,64806196,0.959013780985,0.8796557911,1.04322532052
2020-09-10,907,191763,,,,,,,232179,144318,352883,3687517,2400726,5372007,48865999,35518418,65159079,0.959654831279,0.878382774147,1.04519315056
2020-09-11,1213,192976,,,,,,,230689,142065,353116,3656058,2364792,5356963,49096688,35660483,65512195,0.960301184652,0.876840221846,1.04610323627
2020-09-12,714,193690,,,,,,,229285,139938,353249,3625928,2329631,5344061,49325973,35800421,65865444,0.960952726166,0.875296445721,1.04809381082
2020-09-13,378,194068,,,,,,,227968,137990,354076,3597103,2295381,5334410,49553941,35938411,66219520,0.961609339842,0.873515614692,1.05220559226
2020-09-14,422,194490,,,,,,,226738,136102,355077,3569572,2261978,5327595,49780679,36074513,66574597,0.962270907851,0.872688409329,1.05544374503
2020-09-15,1288,195778,,,,,,,225596,134171,355782,3543339,2229251,5323246,50006275,36208684,66930379,0.962937308936,0.871348239513,1.05865352508
2020-09-16,983,196761,,,,,,,224542,132344,356813,3518408,2197307,5321295,50230817,36341028,67287192,0.96360841793,0.869268630204,1.06232915423
2020-09-17,870,197631,,,,,,,223578,130725,358177,3494786,2166311,5321834,50454395,36471753,67645369,0.964284106202,0.867070735114,1.06623813407
2020-09-18,936,198567,,,,,,,222703,129079,359715,3472470,2136164,5324884,50677098,36600832,68005084,0.96496424194,0.864894238023,1.06943865622
2020-09-19,712,199279,,,,,,,221919,127613,361555,3451463,2106860,5330660,50899017,36728445,68366639,0.965648690011,0.863056157541,1.07343031136
2020-09-20,227,199506,,,,,,,221228,126047,363589,3431769,2078124,5339115,51120245,36854492,68730228,0.966337311448,0.861595539298,1.07781044081
2020-09-21,356,199862,,,,,,,220630,124531,365599,3413396,2050048,5350149,51340875,36979023,69095827,0.967029962996,0.860107258299,1.08126740915
2020-09-22,921,200783,,,,,,,220125,123206,368010,3396354,2022827,5364131,51561000,37102229,69463837,0.967726496941,0.858420199664,1.08499286715
2020-09-23,1098,201881,,,,,,,219717,121901,370519,3380653,1996378,5380996,51780717,37224130,69834356,0.968426761026,0.857176050647,1.08839500015
2020-09-24,914,202795,,,,,,,219405,120425,373432,3366302,1970554,5401233,52000122,37344555,70207788,0.9691305983,0.856337009149,1.09246539643
2020-09-25,952,203747,,,,,,,219192,119052,376424,3353316,1945290,5424783,52219314,37463607,70584212,0.96983784682,0.855305555325,1.09649892743
2020-09-26,,,725.520372457,490,1030,204472.520372,204237,204777,219080,117617,379998,3341706,1920845,5451669,52438394,37581224,70964210,0.97054833931,0.853619386889,1.10036602396
2020-09-27,,,715.448009854,480,1021,205187.968382,204717,205797,219069,116340,384835,3331490,1897249,5483256,52657463,37697564,71349045,0.97126190285,0.851530644631,1.1044714554
2020-09-28,,,705.746636446,470,1013,205893.715019,205187,206809,219162,115063,389263,3322685,1874325,5518434,52876625,37812627,71738308,0.971978358608,0.850345888624,1.10837947939
2020-09-29,,,696.396021025,461,1005,206590.11104,205649,207813,219362,113731,394316,3315309,1851958,5557657,53095987,37926358,72132624,0.972697521564,0.84910243064,1.11228107012
2020-09-30,,,687.379516826,452,998,207277.490557,206102,208811,219670,112423,399139,3309383,1830213,5600992,53315657,38038781,72531763,0.973419200186,0.848212396361,1.11617491651
2020-10-01,,,678.683670895,444,991,207956.174228,206546,209801,220088,111142,404944,3304929,1809013,5649095,53535745,38149923,72936707,0.974150806474,0.846912370329,1.12005963333
2020-10-02,,,670.297640665,435,985,208626.471868,206981,210786,220620,110021,410867,3301971,1788310,5701762,53756365,38259944,73347574,0.974888271524,0.845384952965,1.12371148914
2020-10-03,,,662.212702042,427,979,209288.68457,207409,211765,221267,108905,416940,3300535,1768135,5758959,53977632,38368849,73764514,0.975627855409,0.844090791166,1.12719081557
2020-10-04,,,654.425646899,419,974,209943.110217,207828,212739,222033,107688,423304,3300649,1748210,5820684,54199665,38476537,74187818,0.976372230071,0.843169869331,1.13065058077
2020-10-05,,,646.933292262,412,970,210590.043509,208240,213708,222921,106834,429976,3302342,1728995,5887047,54422586,38583371,74617794,0.977123518724,0.842663775122,1.13410833178
2020-10-06,,,639.734292953,404,965,211229.777802,208645,214672,223934,105813,437387,3305647,1710275,5958813,54646520,38689184,75055181,0.977879883431,0.842250407767,1.13731633904
2020-10-07,,,632.828870137,397,961,211862.606672,209043,215632,225075,104715,444422,3310597,1691783,6035207,54871595,38793899,75499603,0.978637134518,0.840555633147,1.1400666278
2020-10-08,,,626.213375158,390,957,212488.820048,209433,216588,226348,103788,452001,3317228,1673670,6116672,55097943,38897687,75951604,0.979395013641,0.838868402471,1.14278170691
2020-10-09,,,619.884735814,383,954,213108.704783,209817,217542,227757,102897,460561,3325580,1656142,6203782,55325700,39000584,76412165,0.980162833988,0.837188591962,1.14545922448
2020-10-10,,,616.610554953,378,956,213725.315338,210196,218497,229305,102086,468968,3335692,1639177,6296314,55555005,39102670,76881133,0.980941937783,0.836133116394,1.14809670741
2020-10-11,,,613.585172539,373,959,214338.900511,210569,219455,230997,101176,479015,3347610,1622736,6395326,55786002,39203846,77360148,0.981724410686,0.834838002483,1.15069155504
2020-10-12,,,610.809312285,368,961,214949.709823,210938,220415,232837,100460,488769,3361378,1606855,6499263,56018839,39304306,77848917,0.982508405605,0.833548451825,1.15324103256
2020-10-13,,,608.284050353,363,964,215557.993874,211302,221379,234830,99830,499071,3377046,1591622,6609065,56253669,39404136,78347988,0.983295862661,0.832264350733,1.15574449894
2020-10-14,,,606.010900458,359,968,216164.004774,211662,222346,236981,99096,510633,3394664,1576989,6725370,56490650,39503232,78858621,0.9840860165,0.831035245435,1.15933412271
2020-10-15,,,603.991658947,355,972,216767.996433,212017,223318,239294,98497,521623,3414288,1563065,6847842,56729944,39601729,79380244,0.984885286588,0.829913551822,1.16260593768
2020-10-16,,,602.228423788,350,978,217370.224857,212368,224294,241774,97846,532791,3435974,1549772,6975684,56971718,39699575,79913035,0.985688018501,0.828847624579,1.16591550548
2020-10-17,,,600.723638395,346,984,217970.948495,212715,225278,244428,97212,545989,3459782,1536966,7110806,57216146,39796787,80459024,0.986489340037,0.828605092966,1.16917002174
2020-10-18,,,599.480044648,342,990,218570.42854,213058,226266,247257,96601,560086,3485773,1524666,7253942,57463403,39893388,81019110,0.987288677842,0.828367065061,1.17238819605
2020-10-19,,,598.500818172,339,996,219168.929358,213398,227262,250270,96046,575037,3514009,1513027,7405652,57713673,39989434,81594147,0.988087991208,0.828133387867,1.17556720413
2020-10-20,,,597.789457008,335,1003,219766.718815,213733,228264,253469,95610,590047,3544557,1501805,7565694,57967142,40085044,82184194,0.988888249125,0.827350498083,1.18021699367
2020-10-21,,,597.349785535,332,1011,220364.068601,214066,229274,256863,95082,605175,3577486,1491076,7733461,58224005,40180126,82789369,0.989692575429,0.826855475384,1.18294358049
2020-10-22,,,597.185973258,329,1021,220961.254574,214395,230294,260455,94596,621580,3612865,1480961,7910603,58484460,40274722,83410949,0.990515746749,0.826026086122,1.18561441204
2020-10-23,,,597.302564643,325,1030,221558.557138,214722,231323,264250,94134,638095,3650767,1471311,8096680,58748710,40368856,84049044,0.991338882236,0.825200591666,1.18822576605
2020-10-24,,,597.695927058,322,1041,222156.253065,215045,232363,268252,93807,654872,3691261,1462224,8290981,59016962,40462663,84703916,0.992159691829,0.824694933683,1.19077371119
2020-10-25,,,598.372208975,319,1055,222754.625274,215365,233417,272468,93630,673903,3734424,1453770,8495907,59289430,40556293,85377819,0.992979965273,0.824204213527,1.19325409578
2020-10-26,,,599.337933951,316,1069,223353.963208,215682,234484,276906,93413,692574,3780333,1446008,8709451,59566336,40649706,86070393,0.993799702984,0.823954983723,1.19566253608
2020-10-27,,,600.6000248,313,1084,223954.563233,215996,235566,281569,93063,711567,3829065,1438611,8932222,59847905,40742769,86781960,0.99461226206,0.822652389069,1.19803751311
2020-10-28,,,602.1658443,310,1099,224556.729078,216306,236663,286457,92872,732002,3880691,1431653,9165123,60134362,40835641,87513962,0.995420068383,0.822322733209,1.20039767404
2020-10-29,,,604.043242715,307,1114,225160.77232,216614,237775,291580,92933,753632,3935291,1425491,9408095,60425942,40928574,88267594,0.996225879316,0.822277169423,1.20271499671
2020-10-30,,,606.240558062,304,1133,225767.012878,216919,238907,296942,92846,775392,3992939,1419841,9661849,60722884,41021420,89042986,0.99702765171,0.822233326411,1.20538970715
2020-10-31,,,608.766620383,302,1152,226375.779499,217221,240056,302548,92743,798162,4053712,1414742,9927216,61025432,41114163,89841148,0.997819433596,0.821755100596,1.20899121766
2020-11-01,,,611.630763546,299,1170,226987.410262,217521,241224,308397,92686,822172,4117681,1410225,10203403,61333829,41206849,90663320,0.998603539253,0.822091467681,1.21155781184
