date,actual_deaths,total_deaths,predicted_deaths_mean,predicted_deaths_lower,predicted_deaths_upper,predicted_total_deaths_mean,predicted_total_deaths_lower,predicted_total_deaths_upper,predicted_new_infected_mean,predicted_new_infected_lower,predicted_new_infected_upper,predicted_current_infected_mean,predicted_current_infected_lower,predicted_current_infected_upper,predicted_total_infected_mean,predicted_total_infected_lower,predicted_total_infected_upper,r_values_mean,r_values_lower,r_values_upper
2020-02-05,0,0,,,,,,,125,66,178,125,66,178,125,66,178,2.26383841638,2.1,2.4
2020-02-06,0,0,,,,,,,125,66,178,249,132,356,250,132,356,2.26382898961,2.09998900514,2.39999968201
2020-02-07,0,0,,,,,,,125,66,178,374,198,534,375,198,534,2.26382579902,2.0999854894,2.39999952891
2020-02-08,0,0,,,,,,,125,66,178,499,264,712,500,264,712,2.26382151632,2.09998084907,2.39999928147
2020-02-09,0,0,,,,,,,286,164,401,784,443,1100,786,428,1113,2.2638157628,2.09997472433,2.39999890434
2020-02-10,0,0,,,,,,,286,164,401,1070,612,1497,1072,592,1514,2.26380802652,2.09996664013,2.39999832878
2020-02-11,0,0,,,,,,,286,164,401,1355,779,1895,1358,756,1915,2.26379761456,2.09995596942,2.39999743585
2020-02-12,0,0,,,,,,,286,164,401,1641,945,2295,1644,920,2316,2.26378358801,2.09994144652,2.3999961233
2020-02-13,0,0,,,,,,,449,273,628,2090,1235,2903,2093,1193,2944,2.26376467304,2.09992156084,2.39999420505
2020-02-14,0,0,,,,,,,656,403,920,2746,1643,3817,2749,1596,3864,2.26370951668,2.09985952453,2.39996732035
2020-02-15,0,0,,,,,,,1195,739,1611,3941,2437,5389,3944,2335,5475,2.2636713079,2.09981868147,2.39996020805
2020-02-16,0,0,,,,,,,2390,1457,3078,6331,4023,8406,6334,3792,8553,2.26361254301,2.09975730265,2.39994353124
2020-02-17,0,0,,,,,,,3886,2508,4914,10217,6667,13235,10220,6300,13467,2.26353726849,2.09967946724,2.39992325999
2020-02-18,0,0,,,,,,,4290,2808,5442,14507,9515,18650,14510,9108,18909,2.26343856256,2.09957853373,2.3999004171
2020-02-19,0,0,,,,,,,5035,3358,6387,19542,12934,24991,19545,12466,25296,2.26330731182,2.09944623966,2.39986765117
2020-02-20,0,0,,,,,,,5173,3459,6582,24590,16337,31385,24718,15925,31878,2.26313033046,2.09927109863,2.39982184911
2020-02-21,0,0,,,,,,,5697,3871,7244,30162,20164,38431,30415,19796,39122,2.26289007007,2.09903884717,2.39975540084
2020-02-22,0,0,,,,,,,6731,4641,8556,36769,24783,46769,37146,24437,47678,2.26256650973,2.09872690526,2.39965912045
2020-02-23,0,0,,,,,,,7979,5600,10174,44623,30395,56679,45125,30037,57852,2.26213080546,2.09832420518,2.39951144258
2020-02-24,0,0,,,,,,,10147,7107,13006,54485,37411,69223,55272,37144,70858,2.26154165678,2.0977888316,2.3993247784
2020-02-25,0,0,,,,,,,16016,10662,20447,70215,48087,89152,71288,47806,91305,2.26074229718,2.0970961654,2.3990508892
2020-02-26,0,0,,,,,,,19427,13164,24872,89357,61131,113580,90715,60970,116177,2.25965456886,2.09620499263,2.39862073965
2020-02-27,0,0,,,,,,,21163,14223,27316,110235,75204,140478,111878,75193,143493,2.25817268991,2.09504052147,2.39802506872
2020-02-28,0,0,,,,,,,25730,17124,33621,135515,92053,173459,137608,92317,177114,2.25615121913,2.09357449569,2.39717173557
2020-02-29,1,1,,,,,,,31510,20408,41806,166369,112069,214302,169118,112725,218920,2.253389644,2.09159808243,2.3958961396
2020-03-01,0,1,,,,,,,41011,26003,55023,206185,137395,267593,210129,138728,273943,2.24961285412,2.08846414257,2.39402145696
2020-03-02,5,6,,,,,,,51069,32032,69161,254864,168076,333527,261198,170760,343104,2.24444549967,2.08431138351,2.3912620636
2020-03-03,1,7,,,,,,,63158,39414,86131,314136,205074,414595,324356,210174,429235,2.23737953784,2.07915160423,2.38719876288
2020-03-04,4,11,,,,,,,77613,47863,106928,387459,250232,515905,401969,258037,536163,2.22773376553,2.07235842034,2.38121922644
2020-03-05,1,12,,,,,,,97159,59324,135241,479584,306302,644546,499128,317361,671404,2.21460813063,2.06248861524,2.3725410929
2020-03-06,2,14,,,,,,,119162,72065,167586,593573,375024,805286,618290,389426,838990,2.19684042015,2.04814807804,2.35965277043
2020-03-07,3,17,,,,,,,144011,87344,202919,731886,458580,1000748,762301,476770,1041909,2.17298047591,2.02855003801,2.34178218593
2020-03-08,4,21,,,,,,,171129,105120,239519,896284,559055,1231598,933430,581890,1281428,2.14130999512,1.99682458419,2.31460360022
2020-03-09,1,22,,,,,,,199882,126400,274754,1088188,679735,1496214,1133312,708290,1556182,2.09994998926,1.94278080253,2.27797014104
2020-03-10,6,28,,,,,,,229184,151396,309966,1307225,823775,1793314,1362496,859686,1866148,2.04710381173,1.86853582605,2.25840945615
2020-03-11,5,33,,,,,,,255256,172856,341514,1546464,985925,2114343,1617752,1032542,2207662,1.98145826236,1.78389491265,2.2175549885
2020-03-12,10,43,,,,,,,276469,188300,368967,1803505,1160916,2458484,1894221,1220842,2576629,1.90268700752,1.68679583788,2.18168922322
2020-03-13,8,51,,,,,,,292704,202465,388236,2075047,1349031,2819419,2186925,1423307,2964865,1.8118886985,1.57117117746,2.11593372869
2020-03-14,7,58,,,,,,,303758,209758,399058,2353075,1541561,3184825,2490683,1633065,3363923,1.7117369383,1.45668371838,2.04668066866
2020-03-15,12,70,,,,,,,310971,216477,409576,2632536,1737663,3552458,2801654,1849542,3773499,1.60621370494,1.33540989506,1.97750230767
2020-03-16,27,97,,,,,,,314787,221483,419224,2906313,1933336,3916446,3116441,2071025,4192723,1.49999700187,1.21865644422,1.89157218539
2020-03-17,35,132,,,,,,,316102,224261,422986,3171346,2125892,4269984,3432543,2295286,4615709,1.39771794439,1.12421859735,1.78451909955
2020-03-18,59,191,,,,,,,315802,227537,423119,3423990,2314577,4606604,3748345,2522823,5038828,1.30330764204,1.0515496128,1.66587371537
2020-03-19,73,264,,,,,,,314437,229907,420149,3660814,2497445,4919298,4062782,2752730,5458977,1.21956673954,1.00006676893,1.54501063757
2020-03-20,99,363,,,,,,,312489,231968,418091,3876144,2671211,5201412,4375271,2984698,5877068,1.14799391531,0.964160501951,1.44319543429
2020-03-21,99,462,,,,,,,310069,233439,415285,4067051,2833917,5448368,4685340,3218137,6292353,1.08884915358,0.938986262124,1.34170025969
2020-03-22,110,572,,,,,,,307270,234488,410473,4230310,2982591,5655185,4992610,3452625,6702826,1.04139724417,0.922513212254,1.25814950012
2020-03-23,189,761,,,,,,,304225,234496,404172,4363406,3113605,5819130,5296835,3687121,7106998,1.00425349067,0.901812233789,1.1874011502
2020-03-24,239,1000,,,,,,,300973,233392,396012,4464497,3222190,5939553,5597808,3920513,7503010,0.975737727436,0.882865232311,1.12503586019
2020-03-25,324,1324,,,,,,,297540,230200,388960,4532852,3302226,6017532,5895348,4150713,7891970,0.954157206104,0.86942628122,1.0722735648
2020-03-26,408,1732,,,,,,,293906,228367,382713,4571502,3358788,6057788,6189254,4379080,8274683,0.937983281009,0.860266790866,1.03498452363
2020-03-27,518,2250,,,,,,,290043,226691,375896,4585077,3397768,6063816,6479297,4605771,8650579,0.925930764772,0.853728077129,1.00547181832
2020-03-28,633,2883,,,,,,,285945,223238,368676,4578318,3418638,6043526,6765242,4829009,9019255,0.916970208201,0.849230159256,0.985179448424
2020-03-29,586,3469,,,,,,,281644,219275,361015,4556203,3427502,6004802,7046886,5048284,9380270,0.910303876026,0.845672117136,0.971704572793
2020-03-30,692,4161,,,,,,,277080,214783,353781,4522312,3424686,5948677,7323966,5263067,9734051,0.905327460489,0.843288552019,0.962695765225
2020-03-31,1085,5246,,,,,,,272302,210399,346284,4479827,3412070,5875883,7596268,5473466,10080335,0.901590208876,0.841583664061,0.956966755246
2020-04-01,1172,6418,,,,,,,267325,205776,338967,4431050,3391829,5792440,7863593,5679242,10419302,0.898759393188,0.840378136357,0.952606364673
2020-04-02,1503,7921,,,,,,,262174,201237,332003,4377422,3363894,5702207,8125767,5880479,10751305,0.896591089648,0.839475415983,0.949100685096
2020-04-03,1392,9313,,,,,,,256877,196996,325679,4319862,3329525,5608704,8382644,6077475,11076984,0.894907253541,0.838405548577,0.946508687681
2020-04-04,1523,10836,,,,,,,251459,192496,318851,4258832,3288807,5510487,8634103,6269971,11395835,0.893578256811,0.83748558523,0.944510031168
2020-04-05,1590,12426,,,,,,,245956,187899,311932,4194719,3242308,5408382,8880059,6457870,11707767,0.892509838958,0.836861001047,0.943144478606
2020-04-06,1770,14196,,,,,,,240403,183569,305278,4127852,3190769,5304528,9120462,6641439,12013045,0.891633477416,0.836431133495,0.942005580434
2020-04-07,2571,16767,,,,,,,234838,179046,298668,4058465,3134928,5200292,9355300,6820485,12311713,0.890899339138,0.835764953032,0.9409416858
2020-04-08,2146,18913,,,,,,,229296,174692,291842,3986788,3075986,5097138,9584596,6995177,12603555,0.890271148355,0.835180379859,0.940307545991
2020-04-09,2228,21141,,,,,,,223808,170339,285025,3913056,3015900,4993977,9808404,7165516,12888580,0.889722461536,0.834739137538,0.939605620592
2020-04-10,2218,23359,,,,,,,218398,165964,278532,3837548,2953338,4890405,10026802,7331480,13167112,0.889233968587,0.834291850779,0.939068348935
2020-04-11,2119,25478,,,,,,,213089,161707,271973,3760594,2888237,4786926,10239891,7493187,13439085,0.888788995611,0.833990878991,0.938615941245
2020-04-12,1816,27294,,,,,,,207893,157597,265965,3682542,2822499,4684504,10447784,7650784,13705050,0.888380973065,0.833541977005,0.938169955521
2020-04-13,1946,29240,,,,,,,202820,153606,259733,3603719,2756762,4583384,10650604,7804390,13964783,0.888000874597,0.833248581587,0.9377411339
2020-04-14,2455,31695,,,,,,,197876,149510,253798,3524515,2691443,4483486,10848480,7953900,14218581,0.887642865342,0.832915856742,0.937388234455
2020-04-15,2609,34304,,,,,,,193062,145407,248120,3445275,2626429,4385344,11041542,8099307,14466701,0.887312024934,0.832555745575,0.937039650703
2020-04-16,2176,36480,,,,,,,188377,141543,242778,3366327,2562192,4289148,11229919,8240850,14709479,0.886995231135,0.832273176597,0.936650190596
2020-04-17,2093,38573,,,,,,,183820,137782,237547,3287973,2498752,4194686,11413739,8378632,14947026,0.886695018676,0.83202908971,0.936352789684
2020-04-18,1960,40533,,,,,,,179385,134089,232481,3210481,2435870,4101472,11593124,8512721,15179507,0.886409557691,0.83172468035,0.936047968587
2020-04-19,1931,42464,,,,,,,175070,130453,227421,3134092,2373845,4010055,11768194,8643174,15406928,0.886139419162,0.831389712285,0.935756145807
2020-04-20,2186,44650,,,,,,,170871,126780,222627,3059007,2312745,3920785,11939065,8769954,15629555,0.885884167032,0.83113334044,0.935515245104
2020-04-21,2548,47198,,,,,,,166782,123348,217944,2985386,2252531,3833491,12105847,8893302,15847499,0.885644417988,0.830941282571,0.935255769841
2020-04-22,2434,49632,,,,,,,162801,119878,213531,2913349,2193365,3748427,12268648,9013180,16061030,0.88542129354,0.830746341028,0.935031592029
2020-04-23,2466,52098,,,,,,,158924,116539,209077,2842977,2135201,3665762,12427572,9129719,16270107,0.885218228596,0.830578827288,0.934791118177
2020-04-24,2154,54252,,,,,,,155150,113331,204960,2774319,2078173,3585808,12582722,9243050,16475067,0.88503948584,0.830414977239,0.934516061054
2020-04-25,1698,55950,,,,,,,151477,110271,201002,2707398,2022456,3508383,12734199,9353321,16676069,0.88489081623,0.830304670179,0.934255727489
2020-04-26,1329,57279,,,,,,,147903,107193,197075,2642212,1967913,3433589,12882102,9460514,16873144,0.884780660933,0.830121739117,0.934008108668
2020-04-27,1466,58745,,,,,,,144426,104170,193283,2578745,1914454,3360997,13026528,9564684,17066427,0.884719854437,0.830095621522,0.933860897354
2020-04-28,2241,60986,,,,,,,141046,101191,189595,2516971,1862001,3290937,13167574,9665875,17256022,0.884723214836,0.83002900481,0.933882176565
2020-04-29,2521,63507,,,,,,,137762,98310,185958,2456856,1810759,3223160,13305336,9764185,17441980,0.884810537144,0.829999737284,0.933709301472
2020-04-30,2322,65829,,,,,,,134573,95544,182342,2398367,1760859,3157429,13439909,9859729,17624322,0.885007970576,0.82999002386,0.93359500189
2020-05-01,1891,67720,,,,,,,131483,92846,178935,2341472,1712133,3093617,13571392,9952575,17803257,0.885349707896,0.830010423778,0.933708691344
2020-05-02,1692,69412,,,,,,,128489,90223,175629,2286142,1664548,3031716,13699881,10042798,17978886,0.885879924081,0.830060598536,0.933785289336
2020-05-03,1120,70532,,,,,,,125594,87638,172363,2232350,1618074,2971599,13825475,10130436,18151249,0.886654530514,0.830312039846,0.934526494825
2020-05-04,1333,71865,,,,,,,122799,85174,169325,2180079,1572771,2913497,13948274,10215610,18320574,0.887742462802,0.830533657081,0.935024342494
2020-05-05,2318,74183,,,,,,,120109,82843,166337,2129317,1528811,2857193,14068383,10298453,18486911,0.889225593962,0.83069551107,0.936620215059
2020-05-06,2364,76547,,,,,,,117527,80548,163498,2080063,1485989,2802728,14185910,10379001,18650409,0.891196195543,0.831041280233,0.940419632857
2020-05-07,1934,78481,,,,,,,115056,78370,160781,2032318,1444461,2749957,14300966,10457371,18811190,0.893750773618,0.831280185341,0.953757743852
2020-05-08,1747,80228,,,,,,,112703,76300,158079,1986097,1404205,2698939,14413669,10533671,18969269,0.896979877303,0.831789347012,0.969651369583
2020-05-09,1488,81716,,,,,,,110472,74343,155518,1941419,1365204,2649479,14524141,10608014,19124787,0.900955580171,0.832162289331,0.990877383346
2020-05-10,893,82609,,,,,,,108373,72597,153267,1898314,1327521,2601731,14632514,10680611,19278054,0.905721433434,0.832765825215,1.01642281272
2020-05-11,1014,83623,,,,,,,106414,70848,151096,1856825,1291168,2555740,14738928,10751459,19429150,0.911291377392,0.832968974589,1.04828653845
2020-05-12,1627,85250,,,,,,,104607,69236,149072,1817006,1256231,2511517,14843535,10820695,19578222,0.91766072294,0.834090749277,1.07547969287
2020-05-13,1764,87014,,,,,,,102965,67678,147248,1778925,1222717,2469160,14946500,10888373,19725470,0.924823801678,0.835137210183,1.10128069193
2020-05-14,1783,88797,,,,,,,101499,66363,145747,1742662,1190774,2428939,15047999,10954736,19871217,0.932786608193,0.835995052021,1.12461405118
2020-05-15,1681,90478,,,,,,,100222,65112,144259,1708312,1160350,2390847,15148221,11019848,20015476,0.941566968364,0.838116622707,1.14585420399
2020-05-16,1216,91694,,,,,,,99148,64098,143088,1675977,1131617,2354994,15247369,11083946,20158564,0.951186113511,0.84053010347,1.16375304624
2020-05-17,758,92452,,,,,,,98290,63231,142130,1645779,1104647,2321489,15345659,11147177,20300694,0.961660210082,0.844076816209,1.17815428308
2020-05-18,1172,93624,,,,,,,97660,62593,141441,1617845,1079630,2290563,15443319,11209770,20442135,0.972992015668,0.848926703795,1.19424137448
2020-05-19,1552,95176,,,,,,,97270,62101,141158,1592315,1056590,2262384,15540589,11271871,20583293,0.985153186451,0.855502588907,1.22647067183
2020-05-20,1526,96702,,,,,,,97132,61807,141271,1569337,1035593,2237299,15637721,11333678,20724564,0.998053865636,0.864327970232,1.23627074712
2020-05-21,1217,97919,,,,,,,97255,61778,141655,1549065,1016875,2215437,15734976,11395456,20866219,1.01151532241,0.874748523545,1.25258883265
2020-05-22,1244,99163,,,,,,,97650,61970,142199,1531659,1000535,2196837,15832626,11457426,21008418,1.02527181308,0.875619654944,1.2570771215
2020-05-23,1109,100272,,,,,,,98328,62332,143454,1517284,986631,2182186,15930954,11519758,21151872,1.03901377716,0.875689643387,1.26030097081
2020-05-24,622,100894,,,,,,,99297,62851,144768,1506109,975210,2171406,16030251,11582609,21296640,1.0524557831,0.87601196351,1.26249250534
2020-05-25,548,101442,,,,,,,100565,63596,146359,1498302,966282,2164465,16130816,11646205,21442999,1.06539423791,0.87644846404,1.27705445561
2020-05-26,662,102104,,,,,,,102151,64645,148422,1494039,960155,2161751,16232967,11710850,21591421,1.0777267379,0.877471242387,1.29592410248
2020-05-27,1518,103622,,,,,,,104064,65927,150746,1493496,956915,2163373,16337031,11776777,21742167,1.08943109689,0.879093383569,1.30416154216
2020-05-28,1178,104800,,,,,,,106309,67562,153577,1496841,956859,2169642,16443340,11844339,21895744,1.1005251726,0.881251330199,1.31111485206
2020-05-29,1160,105960,,,,,,,108897,69415,156998,1504239,959960,2180819,16552237,11913754,22052742,1.11103376084,0.883460704522,1.3165999294
2020-05-30,963,106923,,,,,,,111840,71528,160876,1515856,966414,2197364,16664077,11985282,22213618,1.12100822289,0.886627574009,1.32585482994
2020-05-31,581,107504,,,,,,,115156,73921,165154,1531864,976270,2219355,16779233,12059203,22378772,1.13049401076,0.891488111236,1.33605923281
2020-06-01,776,108280,,,,,,,118862,76714,169889,1552435,989776,2247037,16898095,12135917,22548661,1.13955211739,0.89813625515,1.34523305589
2020-06-02,1068,109348,,,,,,,122971,79689,175164,1577747,1006880,2280678,17021066,12215606,22723825,1.14819965998,0.90758945411,1.34897071692
2020-06-03,1007,110355,,,,,,,127503,83173,181062,1607980,1027943,2320495,17148569,12298779,22904887,1.15642272313,0.920171929504,1.35239066955
2020-06-04,1023,111378,,,,,,,132475,86710,187608,1643324,1052832,2366733,17281044,12385489,23092495,1.16416032008,0.928697347185,1.35516056428
2020-06-05,914,112292,,,,,,,137904,90807,194858,1683973,1081851,2419845,17418948,12476296,23287353,1.17135368541,0.935959960199,1.35559793187
2020-06-06,659,112951,,,,,,,143806,95223,202953,1730128,1115085,2480510,17562754,12571519,23490306,1.17795496864,0.941149674853,1.35555346263
2020-06-07,438,113389,,,,,,,150197,100008,211629,1781997,1152740,2548590,17712951,12671527,23701935,1.18390047094,0.947858691193,1.35621298986
2020-06-08,519,113908,,,,,,,157091,105153,220769,1839791,1195022,2624496,17870042,12776680,23922704,1.18915298166,0.957182763908,1.35526391564
2020-06-09,950,114858,,,,,,,164499,110639,230866,1903725,1242046,2708922,18034541,12887319,24153570,1.193645641,0.968338666746,1.35603926311
2020-06-10,901,115759,,,,,,,172429,116423,241311,1974002,1293812,2801739,18206970,13003742,24394881,1.19733947675,0.983262230613,1.3550064141
2020-06-11,871,116630,,,,,,,180880,122800,252909,2050818,1350666,2903830,18387850,13126542,24647790,1.20020614244,1.00634189725,1.35502515956
2020-06-12,828,117458,,,,,,,189849,129426,265827,2134358,1412511,3016001,18577699,13255968,24913617,1.20220551348,1.03318196639,1.35454309801
2020-06-13,759,118217,,,,,,,199324,136640,279059,2224785,1479713,3137988,18777023,13392608,25192676,1.20332151716,1.0537859379,1.35315294571
2020-06-14,308,118525,,,,,,,209282,143824,292068,2322227,1551988,3269147,18986305,13536432,25484744,1.20350205672,1.04956225614,1.35391402242
2020-06-15,394,118919,,,,,,,219689,151795,306791,2426760,1629827,3410759,19205994,13688227,25791535,1.20274249144,1.04798064164,1.3528245808
2020-06-16,838,119757,,,,,,,230500,159884,321070,2538398,1712960,3561950,19436494,13848111,26112605,1.20101180959,1.03610914594,1.35210653674
2020-06-17,744,120501,,,,,,,241655,168213,334867,2657082,1801441,3721687,19678149,14016324,26447472,1.19831690178,1.02983980532,1.35005012637
2020-06-18,718,121219,,,,,,,253083,177205,349134,2782662,1895429,3889831,19931232,14193529,26796606,1.19467280245,1.02297953081,1.34778423857
2020-06-19,670,121889,,,,,,,264696,186266,363445,2914882,1994951,4065785,20195928,14379795,27160051,1.19008555741,1.00979057618,1.34940145865
2020-06-20,604,122493,,,,,,,276396,195398,377456,3053374,2099531,4248529,20472324,14575193,27537507,1.18457611429,1.00395314484,1.35143441161
2020-06-21,285,122778,,,,,,,288070,204918,392117,3197638,2209213,4437821,20760394,14780111,27929624,1.1781603692,0.995458325796,1.35213908772
2020-06-22,389,123167,,,,,,,299598,214594,405367,3347040,2323785,4631657,21059992,14994705,28334991,1.17092795404,0.987140237353,1.3520809752
2020-06-23,847,124014,,,,,,,310855,223664,417515,3500804,2442281,4828483,21370847,15218369,28752506,1.16299539395,0.982564661124,1.35225290247
2020-06-24,759,124773,,,,,,,321719,232773,430140,3658024,2564410,5027779,21692566,15451142,29182646,1.15450671227,0.976977646118,1.35084777718
2020-06-25,551,125324,,,,,,,332078,241353,441450,3817673,2689335,5227878,22024644,15692495,29624096,1.14561880154,0.972528333169,1.34947692349
2020-06-26,617,125941,,,,,,,341836,249793,452301,3978629,2816324,5427219,22366480,15942288,30076397,1.13645935,0.968486656217,1.35104252787
2020-06-27,504,126445,,,,,,,350920,258332,462771,4139701,2945217,5624089,22717400,16200620,30539168,1.12717092017,0.962466600561,1.35158615366
2020-06-28,273,126718,,,,,,,359276,265853,471186,4299653,3074431,5816117,23076676,16466473,31010354,1.11786876308,0.958668236013,1.3502679053
2020-06-29,377,127095,,,,,,,366871,272805,478259,4457242,3203410,6002145,23443547,16739278,31488613,1.10865864479,0.954598919745,1.34681797287
2020-06-30,625,127720,,,,,,,373687,278485,485153,4611241,3330114,6180429,23817234,17017763,31973766,1.09961890336,0.950206229056,1.34446586261
2020-07-01,694,128414,,,,,,,379722,283825,492092,4760463,3454080,6351421,24196956,17301588,32465858,1.09078116999,0.944828020768,1.34218461572
2020-07-02,727,129141,,,,,,,384987,288075,498196,4903795,3573975,6514809,24581943,17589663,32964054,1.08215277404,0.94200374818,1.33387503465
2020-07-03,660,129801,,,,,,,389500,292279,504092,5040212,3689088,6669847,24971443,17881942,33468146,1.0737050391,0.939173716009,1.32576649635
2020-07-04,265,130066,,,,,,,393290,295895,508110,5168807,3798774,6814603,25364733,18177837,33976256,1.06541593298,0.933840019993,1.31807573561
2020-07-05,288,130354,,,,,,,396391,298288,510792,5288802,3901714,6948017,25761124,18476125,34487048,1.05727482386,0.931742568338,1.30985534837
2020-07-06,355,130709,,,,,,,398839,300611,513446,5399571,3997441,7069403,26159963,18776736,35000494,1.04929140769,0.928431535159,1.29829271865
2020-07-07,1222,131931,,,,,,,400672,302625,515363,5500645,4085501,7179395,26560635,19079361,35515857,1.04149306542,0.926621226056,1.28657295871
2020-07-08,863,132794,,,,,,,401927,304435,516943,5591717,4166309,7278801,26962562,19383796,36032800,1.03392070786,0.924435159823,1.27940609154
2020-07-09,1003,133797,,,,,,,402641,305488,517797,5672639,4239022,7366413,27365203,19689284,36550597,1.02662073339,0.921364651905,1.27233912067
2020-07-10,824,134621,,,,,,,402847,306043,517496,5743408,4303710,7442382,27768050,19995327,37068093,1.01964052201,0.92034888984,1.2623764765
2020-07-11,690,135311,,,,,,,402581,306112,518143,5804152,4360042,7508187,28170631,20301439,37586236,1.01302805424,0.918283005435,1.25046812361
2020-07-12,459,135770,,,,,,,401875,305702,516545,5855107,4407407,7561924,28572506,20607141,38102781,1.00682567226,0.914921630784,1.23583168374
2020-07-13,367,136137,,,,,,,400762,304883,514710,5896593,4446441,7605437,28973268,20912024,38617491,1.00106052132,0.913009835849,1.21808134101
2020-07-14,926,137063,,,,,,,399270,303940,512596,5928991,4477578,7639768,29372538,21215964,39130087,0.995738683783,0.909351442247,1.20127428126
2020-07-15,968,138031,,,,,,,397426,302351,510009,5952730,4501457,7664676,29769964,21518315,39640096,0.990848273846,0.907113756365,1.18067128494
2020-07-16,943,138974,,,,,,,395256,301147,507116,5968263,4518802,7679793,30165220,21819462,40147212,0.986368875482,0.905881824263,1.17015952324
2020-07-17,930,139904,,,,,,,392785,299718,504207,5976061,4530477,7685919,30558005,22119180,40651419,0.982279834055,0.904360945592,1.15580959028
2020-07-18,868,140772,,,,,,,390036,297305,500908,5976597,4535528,7682864,30948041,22416485,41152327,0.978562793229,0.903420098894,1.13844445582
2020-07-19,447,141219,,,,,,,387033,295216,497250,5970341,4534882,7672106,31335074,22711701,41649577,0.975199889485,0.901928196756,1.12947556653
2020-07-20,514,141733,,,,,,,383800,292936,493526,5957749,4529546,7654925,31718874,23004637,42143103,0.972171493475,0.898997764277,1.10437969546
2020-07-21,1107,142840,,,,,,,380357,290251,489191,5939267,4519183,7630729,32099231,23294888,42632294,0.96945548314,0.898263434453,1.09025496217
2020-07-22,1216,144056,,,,,,,376726,287430,484726,5915321,4503969,7600125,32475957,23582318,43117020,0.967027617927,0.897756238028,1.06892964018
2020-07-23,1094,145150,,,,,,,372929,284295,480042,5886323,4483796,7563240,32848886,23866613,43597062,0.964862136413,0.89610179587,1.0522754548
2020-07-24,1132,146282,,,,,,,368985,281339,475638,5852667,4459592,7521106,33217871,24147952,44072700,0.962932392484,0.895282097284,1.04440536763
2020-07-25,899,147181,,,,,,,365225,278622,471123,5815045,4432115,7474751,33583096,24426574,44543823,0.961211709418,0.89457801994,1.03920564505
2020-07-26,472,147653,,,,,,,361342,275537,466635,5773806,4401470,7423282,33944438,24702111,45010458,0.959674442647,0.893920028785,1.03760671746
2020-07-27,1120,148773,,,,,,,357368,272556,461828,5729299,4368257,7368592,34301806,24974667,45472286,0.95829698793,0.893444969868,1.03432840236
2020-07-28,1374,150147,,,,,,,353332,269305,456673,5681869,4332606,7310596,34655138,25243972,45928959,0.957058435774,0.892280969542,1.030018315
2020-07-29,1432,151579,,,,,,,349278,266153,451666,5631878,4294750,7249712,35004416,25510125,46380625,0.955940718981,0.891816675021,1.02884406623
2020-07-30,1209,152788,,,,,,,345248,262845,446594,5579700,4255175,7186360,35349664,25772970,46827219,0.95492830493,0.891043036962,1.02689548688
2020-07-31,1243,154031,,,,,,,341228,259491,441778,5525672,4213463,7121092,35690892,26032461,47268997,0.954007642553,0.889588206373,1.02491719408
2020-08-01,1115,155146,,,,,,,337210,256105,436739,5470097,4169809,7053696,36028102,26288566,47705736,0.953166616058,0.888996784185,1.02378223122
2020-08-02,403,155549,,,,,,,333202,252868,431466,5413263,4125329,6984334,36361304,26541434,48137202,0.952394179128,0.888443444563,1.02330092729
2020-08-03,530,156079,,,,,,,329215,249687,426733,5355444,4079756,6913877,36690519,26791121,48563935,0.951680211031,0.887805740607,1.02164626511
2020-08-04,1378,157457,,,,,,,325264,246409,421982,5296908,4033188,6842377,37015783,27037530,48985917,0.951016410353,0.887196135556,1.02068387057
2020-08-05,1376,158833,,,,,,,321355,242879,417318,5237907,3985777,6770535,37337138,27280409,49403235,0.950393738241,0.886609837907,1.02015098389
2020-08-06,1253,160086,,,,,,,317490,239474,412773,5178670,3937785,6698608,37654628,27519883,49816008,0.949805110471,0.886082499067,1.01948177688
2020-08-07,1242,161328,,,,,,,313671,235951,407805,5119412,3889414,6626393,37968299,27755834,50223813,0.949244524641,0.885552182159,1.0189687545
2020-08-08,1077,162405,,,,,,,309900,232673,403528,5060327,3840719,6554302,38278199,27988507,50627341,0.948707004299,0.885034717262,1.01853518156
2020-08-09,511,162916,,,,,,,306411,229772,399715,5001514,3791847,6482911,38584610,28218279,51027056,0.950140890048,0.886623503471,1.0203726412
2020-08-10,527,163443,,,,,,,302977,226639,396082,4943149,3742931,6412373,38887587,28444918,51423138,0.951594079822,0.888358260563,1.02049600045
2020-08-11,1064,164507,,,,,,,299612,223482,392723,4885393,3693846,6343279,39187199,28668400,51815861,0.953063157615,0.88892060588,1.02258079734
2020-08-12,1505,166012,,,,,,,296326,220228,389098,4828386,3644756,6275712,39483525,28888628,52204959,0.954546192728,0.889996407528,1.02476768671
2020-08-13,1070,167082,,,,,,,293144,217126,385781,4772252,3595720,6209838,39776669,29105754,52590740,0.956043653113,0.89146387549,1.02625756439
2020-08-14,1338,168420,,,,,,,290090,214077,382440,4717094,3546948,6145702,40066759,29319831,52973180,0.957552283934,0.892584031008,1.02818228214
2020-08-15,1034,169454,,,,,,,287147,210833,379570,4663013,3498290,6083510,40353906,29530664,53352750,0.959071244575,0.894118809281,1.03093654446
2020-08-16,571,170025,,,,,,,284302,207900,376758,4610105,3450086,6023543,40638208,29738564,53729508,0.96059980775,0.896250810587,1.03385538077
2020-08-17,446,170471,,,,,,,281554,204838,374410,4558456,3402060,5966503,40919762,29943402,54103918,0.962137739974,0.897637689662,1.03655067538
2020-08-18,1325,171796,,,,,,,278906,202090,372338,4508148,3354470,5912121,41198668,30145492,54476256,0.963685043909,0.89863924897,1.03932647189
2020-08-19,1353,173149,,,,,,,276364,199465,370511,4459249,3307532,5860665,41475032,30344957,54846767,0.965241030047,0.899449706714,1.04193402342
2020-08-20,1079,174228,,,,,,,273929,196736,368763,4411823,3261396,5812111,41748961,30541693,55215530,0.966805297464,0.900420865843,1.04471888994
2020-08-21,1105,175333,,,,,,,271597,194068,367447,4365929,3215993,5766787,42020558,30735761,55582977,0.96837784109,0.901426117667,1.04724424988
2020-08-22,982,176315,,,,,,,269365,191237,365915,4321624,3171281,5724898,42289923,30926998,55948892,0.969958797377,0.902126249995,1.05035270621
2020-08-23,450,176765,,,,,,,267233,188581,364957,4278957,3127192,5686325,42557156,31115579,56313849,0.971548494586,0.902351716258,1.05327845998
2020-08-24,442,177207,,,,,,,265203,186202,364226,4237749,3083626,5650831,42822359,31301781,56678075,0.973147032653,0.902368586537,1.05541250419
2020-08-25,1239,178446,,,,,,,263274,184037,363133,4198045,3041027,5617880,43085633,31485818,57041208,0.974754571475,0.902383979879,1.05856727216
2020-08-26,1225,179671,,,,,,,261447,181747,362324,4159881,2999295,5587479,43347080,31667565,57403532,0.976371507187,0.90236989957,1.06234378413
2020-08-27,1111,180782,,,,,,,259720,179343,361938,4123275,2958413,5560312,43606800,31846908,57765470,0.977998448298,0.902305982153,1.0649663193
2020-08-28,971,181753,,,,,,,258093,177063,361440,4088224,2918353,5535964,43864893,32023971,58126910,0.979636176404,0.902695617072,1.06802427222
2020-08-29,958,182711,,,,,,,256567,174831,360939,4054701,2879107,5514454,44121460,32198802,58487849,0.981285514077,0.903098634018,1.07086267104
2020-08-30,310,183021,,,,,,,255142,172666,360680,4022696,2840940,5495551,44376602,32371468,58848529,0.982947388608,0.903070213823,1.07399563305
2020-08-31,573,183594,,,,,,,253817,170672,360790,3992212,2803713,5479569,44630419,32542140,59209319,0.984622957042,0.903414184665,1.07690136531
2020-09-01,1067,184661,,,,,,,252594,168440,360941,3963252,2767317,5466083,44883013,32710580,59570260,0.986313629606,0.904297263697,1.07977321975
2020-09-02,1056,185717,,,,,,,251472,166346,361492,3935819,2731578,5455218,45134485,32876926,59931752,0.988021036704,0.905138778354,1.08265016348
2020-09-03,1070,186787,,,,,,,250452,164383,362402,3909907,2696500,5447090,45384937,33041309,60294154,0.989746936261,0.904545106899,1.08565959493
2020-09-04,965,187752,,,,,,,249535,162480,363901,3885513,2662247,5442207,45634472,33203789,60658055,0.99149315472,0.90442014048,1.08901722558
2020-09-05,783,188535,,,,,,,248722,160451,365618,3862638,2628634,5440355,45883194,33364240,61023673,0.993261531264,0.904302890243,1.09247134083
2020-09-06,403,188938,,,,,,,248013,158508,367043,3841286,2595907,5441458,46131207,33522748,61390716,0.995053778169,0.90581714864,1.09531427301
2020-09-07,267,189205,,,,,,,247410,156732,368722,3821463,2564064,5445203,46378617,33679480,61759438,0.996871249435,0.906451286588,1.09870082987
2020-09-08,445,189650,,,,,,,246913,155007,370801,3803173,2532875,5451760,46625530,33834487,62130239,0.998714657537,0.906212728725,1.10194853705
2020-09-09,1206,190856,,,,,,,246524,153390,373250,3786422,2502232,5461866,46872054,33987877,62503489,1.00058383593,0.906012706105,1.10592588328
2020-09-10,907,191763,,,,,,,246244,151798,376322,3771219,2472284,5475866,47118298,34139675,62879811,1.00247762609,0.905795917182,1.11017955777
2020-09-11,1213,192976,,,,,,,246074,150282,379339,3757573,2443225,5493271,47364372,34289957,63259150,1.0043939134,0.905788639073,1.11425581583
2020-09-12,714,193690,,,,,,,246017,148895,382323,3745496,2415059,5514158,47610389,34438852,63641473,1.006329801,0.906094515051,1.11837529154
2020-09-13,378,194068,,,,,,,246073,147481,385777,3735003,2387710,5539006,47856462,34586333,64027250,1.00828187563,0.90558769854,1.12227895574
2020-09-14,422,194490,,,,,,,246246,146119,389792,3726107,2361163,5568129,48102708,34732452,64417042,1.01024650848,0.905478955883,1.12615815064
2020-09-15,1288,195778,,,,,,,246537,144838,394433,3718826,2335330,5601785,48349245,34877290,64811475,1.01222013589,0.905647413616,1.13032507365
2020-09-16,983,196761,,,,,,,246948,143648,399083,3713179,2310541,5639937,48596193,35020938,65210558,1.01419947797,0.905644908502,1.13475895696
2020-09-17,870,197631,,,,,,,247481,142469,404281,3709188,2286669,5682730,48843674,35163407,65614839,1.01618167441,0.905341407809,1.13925888065
2020-09-18,936,198567,,,,,,,248140,141310,409984,3706876,2263600,5730311,49091814,35304717,66024823,1.01816433567,0.905490701961,1.14356777552
2020-09-19,712,199279,,,,,,,248927,140152,415933,3706268,2241274,5782334,49340741,35444869,66440756,1.02014552295,0.905541333498,1.14725302228
2020-09-20,227,199506,,,,,,,249846,139111,422791,3707392,2219938,5839490,49590587,35583980,66863547,1.02212368318,0.905724148066,1.15092449598
2020-09-21,356,199862,,,,,,,250898,138018,429434,3710277,2199455,5901861,49841485,35721998,67292981,1.02409756863,0.905106813525,1.15446868872
2020-09-22,921,200783,,,,,,,252088,137111,436091,3714955,2179845,5969210,50093573,35859109,67729072,1.02606616266,0.905385120861,1.15836146773
2020-09-23,1098,201881,,,,,,,253419,136242,442898,3721461,2161092,6041289,50346992,35995351,68171970,1.0280286197,0.90565861624,1.16222833537
2020-09-24,914,202795,,,,,,,254895,135435,450997,3729832,2143147,6119020,50601887,36130786,68622967,1.02998421803,0.905926501027,1.16606697604
2020-09-25,952,203747,,,,,,,256518,134621,459026,3740106,2125976,6201713,50858405,36265407,69081993,1.0319323219,0.906188300974,1.16987498074
2020-09-26,740,204487,,,,,,,258293,133830,467963,3752325,2109531,6290331,51116698,36399237,69549956,1.03387235101,0.906443779263,1.17364982735
2020-09-27,266,204753,,,,,,,260223,133165,477313,3766531,2093807,6385328,51376921,36532402,70027269,1.03580375694,0.906692856916,1.17738886237
2020-09-28,316,205069,,,,,,,262312,132619,487744,3782770,2078952,6487314,51639233,36665021,70515013,1.03772600593,0.905934687862,1.1814250271
2020-09-29,914,205983,,,,,,,264563,131996,498062,3801088,2064839,6595609,51903796,36797017,71013075,1.03963856639,0.905478099962,1.18609563556
2020-09-30,946,206929,,,,,,,266980,131403,508700,3821531,2051416,6709899,52170776,36928420,71521775,1.0415408996,0.905018055792,1.18996631649
2020-10-01,,,722.287650881,473,1054,207651.287651,207402,207983,269565,130880,519810,3844148,2038657,6830647,52440341,37059300,72041585,1.04343245213,0.903912075714,1.19358167107
2020-10-02,,,720.405009961,467,1059,208371.692661,207869,209042,272324,130420,531206,3868991,2026615,6957583,52712665,37189720,72572791,1.0453126496,0.904328365933,1.19714695668
2020-10-03,,,718.81918673,462,1065,209090.511848,208332,210107,275264,129997,543331,3896115,2015307,7090932,52987929,37319717,73116122,1.04718089161,0.903942474721,1.20195784077
2020-10-04,,,717.534938629,457,1071,209808.046786,208789,211177,278388,129583,556084,3925576,2004741,7231065,53266317,37449300,73672206,1.04903654761,0.903946384304,1.20587286404
2020-10-05,,,716.55727883,451,1078,210524.604065,209241,212254,281700,129190,568943,3957431,1994824,7377186,53548017,37578490,74241149,1.05087895329,0.904318853747,1.20875258277
2020-10-06,,,715.891316666,446,1086,211240.495382,209687,213339,285203,128829,582855,3991736,1985641,7530566,53833220,37707319,74824004,1.05270740741,0.904431995851,1.212040457
2020-10-07,,,715.542308143,442,1095,211956.03769,210129,214433,288905,128507,596034,4028553,1977044,7690459,54122125,37835826,75420038,1.05452116865,0.904544994649,1.21496298846
2020-10-08,,,715.5161877,437,1105,212671.553878,210567,215537,292808,128447,610735,4067943,1969252,7858239,54414933,37964273,76030773,1.05631945263,0.904657819654,1.21766457207
2020-10-09,,,715.819498977,434,1115,213387.373377,211002,216652,296917,128467,626110,4109965,1962283,8033296,54711850,38092740,76656883,1.05809632376,0.904770441185,1.22048879006
2020-10-10,,,716.459175781,430,1126,214103.832552,211432,217777,301237,128480,642923,4154684,1956133,8217135,55013087,38221220,77299806,1.05984699005,0.904882837067,1.22269807618
2020-10-11,,,717.442545285,426,1137,214821.275098,211859,218914,305770,128436,659717,4202161,1950731,8408842,55318857,38349656,77959523,1.06157892492,0.904994982874,1.22543902731
2020-10-12,,,718.77735478,423,1152,215540.052452,212282,220065,310521,128365,676613,4252459,1945924,8608105,55629378,38478021,78636136,1.06327515113,0.905106856057,1.22780894224
2020-10-13,,,720.471807336,419,1168,216260.52426,212701,221232,315496,128423,695631,4305642,1941722,8815958,55944874,38606444,79331767,1.06493360265,0.905218435682,1.22999184049
2020-10-14,,,722.534576024,416,1185,216983.058836,213117,222416,320697,128366,714980,4361775,1938089,9032850,56265571,38734810,80046747,1.06654232073,0.903950616889,1.23312180167
2020-10-15,,,724.919547526,413,1203,217707.978383,213531,223618,326126,128355,735723,4420922,1935036,9259853,56591697,38863165,80782470,1.06809478647,0.903973689261,1.23531447862
2020-10-16,,,727.691895937,409,1222,218435.670279,213941,224839,331789,128564,755912,4483146,1932716,9495924,56923486,38991729,81538382,1.06960889497,0.903995706849,1.23805140006
2020-10-17,,,730.862504505,406,1242,219166.532784,214348,226080,337688,128741,776028,4548510,1931034,9740719,57261174,39120470,82314410,1.07105893548,0.904016684137,1.23891431744
2020-10-18,,,734.440791232,404,1263,219900.973575,214752,227343,343825,129134,796642,4617071,1930168,9993995,57604999,39249604,83111052,1.07245973831,0.904036630568,1.2365030905
2020-10-19,,,738.436678487,401,1284,220639.410253,215153,228626,350201,129535,819090,4688883,1930119,10256958,57955200,39379139,83930142,1.0738034205,0.903933203699,1.23717716378
2020-10-20,,,742.860596968,398,1306,221382.27085,215552,229932,356818,130077,842570,4764001,1931008,10530522,58312018,39509216,84772712,1.07504921662,0.903694911533,1.23522631052
2020-10-21,,,747.723503161,396,1328,222129.994354,215948,231259,363681,130525,866159,4842479,1932709,10813759,58675699,39639741,85638871,1.07621906418,0.903465499812,1.2339371577
2020-10-22,,,753.036848701,393,1355,222883.031202,216343,232613,370790,131104,890154,4924363,1935314,11107813,59046489,39770845,86529025,1.07731040715,0.903216795524,1.23347639529
2020-10-23,,,758.812538563,392,1381,223641.843741,216735,233993,378146,131752,915012,5009701,1938634,11412028,59424635,39902597,87444037,1.07832920713,0.902980888622,1.23358619995
2020-10-24,,,765.062909473,390,1412,224406.90665,217126,235404,385748,132246,941157,5098533,1942429,11727005,59810383,40034843,88385194,1.07926381288,0.90274378976,1.2324760883
2020-10-25,,,771.800710222,388,1444,225178.70736,217515,236846,393593,132955,967237,5190889,1946920,12051248,60203976,40167798,89352431,1.08012785512,0.90250556946,1.22920631847
2020-10-26,,,779.039166011,387,1476,225957.746527,217902,238322,401678,133524,994540,5286797,1952026,12385992,60605654,40301322,90346971,1.08092566985,0.90226629749,1.22863880109
2020-10-27,,,786.791931786,385,1510,226744.538458,218289,239831,410004,134222,1021258,5386280,1957897,12730534,61015658,40435544,91368229,1.08167412951,0.902026043341,1.22810209235
2020-10-28,,,795.072951548,384,1545,227539.61141,218673,241375,418569,135105,1049082,5489354,1964591,13083876,61434227,40570649,92417311,1.08236865178,0.901784877005,1.22556589876
2020-10-29,,,803.896528065,383,1581,228343.507938,219057,242954,427365,135915,1077948,5596022,1972155,13446729,61861592,40706564,93495259,1.08299843781,0.90154286993,1.22520458598
2020-10-30,,,813.277268387,381,1619,229156.785206,219439,244572,436384,136841,1108763,5706280,1980652,13819635,62297976,40843405,94604022,1.08355092151,0.901282748476,1.22418653972
2020-10-31,,,823.23009325,381,1660,229980.0153,219821,246232,445622,137772,1139495,5820113,1989868,14203077,62743598,40981177,95743517,1.08401558199,0.901039695405,1.22315595639
2020-11-01,,,833.770251806,380,1704,230813.785551,220203,247934,455075,138824,1171158,5937500,1999959,14598075,63198673,41120001,96914675,1.08441734993,0.900796036736,1.22244603825
