date,actual_deaths,total_deaths,predicted_deaths_mean,predicted_deaths_lower,predicted_deaths_upper,predicted_total_deaths_mean,predicted_total_deaths_lower,predicted_total_deaths_upper,predicted_new_infected_mean,predicted_new_infected_lower,predicted_new_infected_upper,predicted_current_infected_mean,predicted_current_infected_lower,predicted_current_infected_upper,predicted_total_infected_mean,predicted_total_infected_lower,predicted_total_infected_upper,r_values_mean,r_values_lower,r_values_upper
2020-02-05,0,0,,,,,,,125,66,178,125,66,178,125,66,178,2.26260423763,2.1,2.4
2020-02-06,0,0,,,,,,,125,66,178,250,132,356,250,132,356,2.26259439416,2.09998882186,2.39999969805
2020-02-07,0,0,,,,,,,125,66,178,374,198,534,375,198,534,2.26259107553,2.09998505359,2.39999953508
2020-02-08,0,0,,,,,,,125,66,178,499,264,712,500,264,712,2.26258662578,2.09997986347,2.39999928844
2020-02-09,0,0,,,,,,,286,162,404,785,440,1101,786,426,1116,2.26258065454,2.09997325025,2.39999891153
2020-02-10,0,0,,,,,,,286,162,404,1071,607,1500,1072,588,1520,2.26257263473,2.09996446416,2.39999832991
2020-02-11,0,0,,,,,,,286,162,404,1357,773,1902,1358,750,1924,2.26256185398,2.09995279099,2.39999743746
2020-02-12,0,0,,,,,,,286,162,404,1643,937,2304,1644,912,2328,2.2625473483,2.09993743434,2.39999618566
2020-02-13,0,0,,,,,,,449,271,630,2092,1225,2914,2093,1183,2958,2.26252781175,2.09991645209,2.39999429796
2020-02-14,0,0,,,,,,,657,401,921,2748,1631,3829,2750,1584,3879,2.26247199666,2.09985858601,2.39996710581
2020-02-15,0,0,,,,,,,1196,737,1612,3944,2422,5402,3946,2321,5491,2.26243276563,2.09981811084,2.39996011414
2020-02-16,0,0,,,,,,,2388,1453,3077,6332,4001,8415,6334,3774,8568,2.2623727234,2.09975354998,2.39994342767
2020-02-17,0,0,,,,,,,3882,2504,4913,10214,6638,13240,10216,6278,13481,2.26229578731,2.09966953813,2.3999232392
2020-02-18,0,0,,,,,,,4288,2814,5441,14502,9492,18654,14504,9092,18922,2.26219493855,2.09956068453,2.39990007944
2020-02-19,0,0,,,,,,,5032,3365,6388,19534,12917,24995,19536,12457,25310,2.26206094289,2.09942604731,2.3998670895
2020-02-20,0,0,,,,,,,5171,3464,6582,24580,16326,31389,24707,15921,31892,2.26188047313,2.09925417585,2.39981562848
2020-02-21,0,0,,,,,,,5696,3875,7238,30152,20158,38428,30403,19796,39130,2.2616358116,2.0990197537,2.39974829665
2020-02-22,0,0,,,,,,,6730,4645,8548,36757,24782,46758,37133,24441,47678,2.26130671922,2.09871670661,2.39965433004
2020-02-23,0,0,,,,,,,7977,5611,10149,44609,30403,56642,45110,30052,57827,2.26086411536,2.09831588846,2.39951184851
2020-02-24,0,0,,,,,,,10148,7124,12977,54471,37439,69153,55258,37176,70804,2.26026646103,2.09777508603,2.39932672069
2020-02-25,0,0,,,,,,,16004,10676,20414,70189,48131,89046,71262,47852,91218,2.25945676939,2.09706641008,2.39905446952
2020-02-26,0,0,,,,,,,19413,13193,24832,89317,61206,113432,90675,61045,116050,2.258356732,2.09612599549,2.39863840065
2020-02-27,0,0,,,,,,,21151,14254,27281,110182,75313,140294,111826,75299,143331,2.25686056374,2.09487836744,2.39804292877
2020-02-28,0,0,,,,,,,25711,17178,33578,135444,92220,173233,137537,92477,176909,2.25482312338,2.09322001749,2.397199196
2020-02-29,1,1,,,,,,,31487,20479,41785,166274,112311,214054,169024,112956,218694,2.25204474414,2.09102249173,2.39598380846
2020-03-01,0,1,,,,,,,40977,26092,55015,206055,137727,267339,210001,139048,273709,2.24825207706,2.08811131548,2.39412918712
2020-03-02,5,6,,,,,,,51025,32092,69106,254693,168470,333213,261026,171140,342815,2.24307300807,2.0842154239,2.39139044701
2020-03-03,1,7,,,,,,,63095,39502,86089,313905,205558,414240,324121,210642,428904,2.23600501167,2.07902669707,2.38734446722
2020-03-04,4,11,,,,,,,77533,47939,106882,387150,250779,515504,401654,258581,535786,2.22637579443,2.07222360843,2.38137103778
2020-03-05,1,12,,,,,,,97048,59374,135246,479166,306888,644149,498702,317955,671032,2.21329899462,2.06238290878,2.37282833093
2020-03-06,2,14,,,,,,,119036,72114,167695,593031,375646,805004,617738,390069,838727,2.19563232941,2.0477108321,2.36068917555
2020-03-07,3,17,,,,,,,143877,87360,203005,731213,459204,1000565,761615,477429,1041732,2.17195277049,2.02821849546,2.34225110142
2020-03-08,4,21,,,,,,,171004,105088,239545,895487,559640,1231455,932619,582517,1281277,2.14057562541,1.994724441,2.31514464041
2020-03-09,1,22,,,,,,,199793,126442,274886,1087302,680343,1496226,1132412,708959,1556163,2.09965771401,1.93779008138,2.27846419619
2020-03-10,6,28,,,,,,,229162,151502,310013,1306317,824473,1793405,1361574,860461,1866176,2.04743049833,1.86749386846,2.25852817524
2020-03-11,5,33,,,,,,,255333,172975,341716,1545646,986730,2114670,1616907,1033436,2207892,1.98258531214,1.78355197901,2.21940366586
2020-03-12,10,43,,,,,,,276654,188254,369161,1802887,1161653,2459052,1893561,1221690,2577053,1.90475923084,1.68426554944,2.18177717395
2020-03-13,8,51,,,,,,,292986,202475,388666,2074722,1349755,2820451,2186547,1424165,2965719,1.81496414988,1.57117075362,2.11520874495
2020-03-14,7,58,,,,,,,304109,209797,399715,2353120,1542284,3186542,2490656,1633962,3365434,1.71574724884,1.45672149858,2.04711745195
2020-03-15,12,70,,,,,,,311358,216509,410234,2632991,1738358,3554843,2802014,1850471,3775668,1.61095611968,1.33617330522,1.97762628008
2020-03-16,27,97,,,,,,,315182,221417,419505,2907196,1933889,3919117,3117196,2071888,4195173,1.5051668324,1.21905519715,1.892844585
2020-03-17,35,132,,,,,,,316484,224971,423614,3172655,2127123,4273322,3433680,2296859,4618787,1.40297103771,1.125693432,1.78507721775
2020-03-18,59,191,,,,,,,316155,227818,423557,3425715,2316036,4610435,3749835,2524677,5042344,1.30832927587,1.05275255912,1.66747710979
2020-03-19,73,264,,,,,,,314747,230046,420716,3662929,2498968,4923714,4064582,2754723,5463060,1.22412315138,1.00279983727,1.54561480008
2020-03-20,99,363,,,,,,,312744,231860,418363,3878625,2672576,5206079,4377326,2986583,5881423,1.15195363944,0.966651973779,1.44317584612
2020-03-21,99,462,,,,,,,310259,233487,415831,4069847,2835282,5453465,4687585,3220070,6297254,1.0921754737,0.940014419198,1.34232641551
2020-03-22,110,572,,,,,,,307387,234398,410896,4233357,2983857,5660639,4994972,3454468,6708150,1.0441228061,0.922790281134,1.25912693701
2020-03-23,189,761,,,,,,,304264,234206,404057,4366617,3114613,5824453,5299236,3688674,7112207,1.00645043772,0.902914412304,1.18806558555
2020-03-24,239,1000,,,,,,,300929,232995,395983,4467754,3222764,5944763,5600165,3921669,7508190,0.97749290736,0.883334168352,1.12674685168
2020-03-25,324,1324,,,,,,,297410,229695,388714,4536002,3302142,6022468,5897575,4151364,7896904,0.955556042346,0.87074321151,1.07251275718
2020-03-26,408,1732,,,,,,,293692,228091,382350,4574361,3358284,6062179,6191267,4379455,8279254,0.939101513807,0.860874438987,1.03505807576
2020-03-27,518,2250,,,,,,,289746,226348,375673,4587453,3396925,6067841,6481013,4605803,8654927,0.926831571297,0.854242349853,1.00572931082
2020-03-28,633,2883,,,,,,,285571,222813,368528,4580038,3417289,6046991,6766584,4828616,9023455,0.917704320992,0.849278680116,0.985211479571
2020-03-29,586,3469,,,,,,,281198,218793,360644,4557127,3425594,6007187,7047782,5047409,9384099,0.910911055353,0.845781597651,0.972059382764
2020-03-30,692,4161,,,,,,,276570,214134,353554,4522339,3422052,5950135,7324352,5261543,9737653,0.905838379064,0.843310186815,0.962858357524
2020-03-31,1085,5246,,,,,,,271736,209605,346158,4478893,3408714,5876916,7596088,5471148,10083811,0.902028285806,0.841673795657,0.957009431468
2020-04-01,1172,6418,,,,,,,266711,204912,339071,4429120,3386956,5792926,7862799,5676060,10422882,0.899142389083,0.840388564876,0.952642968843
2020-04-02,1503,7921,,,,,,,261521,200629,331972,4374486,3358184,5702241,8124320,5876689,10754854,0.896932415049,0.839533760561,0.949223914378
2020-04-03,1392,9313,,,,,,,256192,196246,325438,4315931,3322942,5607896,8380512,6072935,11080292,0.895217006315,0.838542973756,0.94654116204
2020-04-04,1523,10836,,,,,,,250751,191696,318528,4253939,3281542,5509074,8631263,6264631,11398820,0.893864027655,0.837757998751,0.944593337687
2020-04-05,1590,12426,,,,,,,245232,187334,311853,4188912,3234466,5406350,8876495,6451965,11710673,0.892777328598,0.836929535638,0.943177128705
2020-04-06,1770,14196,,,,,,,239671,182819,305125,4121196,3182288,5301935,9116166,6634784,12015798,0.891886965465,0.836480679657,0.941737170794
2020-04-07,2571,16767,,,,,,,234105,178393,298321,4051036,3126097,5197456,9350271,6813177,12314119,0.891142038267,0.83581393408,0.940928826255
2020-04-08,2146,18913,,,,,,,228567,173989,291608,3978674,3066847,5094107,9578838,6987166,12605727,0.89050547085,0.83530502739,0.940275471322
2020-04-09,2228,21141,,,,,,,223088,169586,284799,3904352,3006508,4990969,9801926,7156752,12890526,0.889950219481,0.834777216127,0.939655474332
2020-04-10,2218,23359,,,,,,,217693,165361,278250,3828353,2943619,4887480,10019619,7322113,13168776,0.889456524009,0.834296980663,0.939151547532
2020-04-11,2119,25478,,,,,,,212399,161144,271702,3751006,2878295,4783952,10232018,7483257,13440478,0.889007273808,0.833997176974,0.938687966635
2020-04-12,1816,27294,,,,,,,207222,157057,265569,3672657,2812445,4681293,10439240,7640314,13706047,0.88859550676,0.833552362551,0.938311420059
2020-04-13,1946,29240,,,,,,,202170,153033,259480,3593630,2746617,4580286,10641410,7793347,13965527,0.888211871859,0.833254268027,0.937904619495
2020-04-14,2455,31695,,,,,,,197247,148960,253594,3514306,2681401,4480394,10838657,7942307,14219121,0.887851555367,0.832919217119,0.937528314904
2020-04-15,2609,34304,,,,,,,192454,144880,248002,3435025,2616660,4382254,11031111,8087187,14467123,0.88751892789,0.832560509923,0.937157793362
2020-04-16,2176,36480,,,,,,,187791,140994,242477,3356105,2552743,4285643,11218902,8228181,14709600,0.887200738623,0.83230322493,0.936858024651
2020-04-17,2093,38573,,,,,,,183255,137309,237273,3277839,2489428,4190932,11402157,8365490,14946873,0.886898832751,0.832058423992,0.936526718959
2020-04-18,1960,40533,,,,,,,178841,133557,232265,3200488,2426764,4097749,11580998,8499047,15179138,0.886611833888,0.831736790414,0.93620653109
2020-04-19,1931,42464,,,,,,,174547,129797,227359,3124284,2364877,4006603,11755545,8628844,15406497,0.886340355593,0.831402027027,0.93592265343
2020-04-20,2186,44650,,,,,,,170366,126166,222618,3049418,2303719,3917403,11925911,8755010,15629115,0.886083923563,0.83112894355,0.935666931219
2020-04-21,2548,47198,,,,,,,166296,122775,217916,2976042,2243679,3830244,12092207,8877785,15847031,0.885843084254,0.83091652256,0.935413752289
2020-04-22,2434,49632,,,,,,,162332,119454,213460,2904269,2184738,3745472,12254539,8997239,16060491,0.885618954771,0.830729750905,0.93513913493
2020-04-23,2466,52098,,,,,,,158472,116261,209080,2834174,2126996,3663044,12413011,9113500,16269571,0.885414867869,0.830551211167,0.934973335307
2020-04-24,2154,54252,,,,,,,154713,113035,204856,2765799,2070419,3583211,12567724,9226535,16474427,0.885235097856,0.830375563005,0.934802736064
2020-04-25,1698,55950,,,,,,,151055,109899,200893,2699161,2014925,3505963,12718779,9336434,16675320,0.885085485425,0.830246475953,0.934593152132
2020-04-26,1329,57279,,,,,,,147495,106837,196901,2634256,1960580,3431266,12866274,9443271,16872221,0.884974404515,0.830106718222,0.934372551042
2020-04-27,1466,58745,,,,,,,144031,103924,193113,2571065,1907409,3358897,13010305,9547195,17065334,0.884912692543,0.830048495905,0.934156832837
2020-04-28,2241,60986,,,,,,,140664,101008,189318,2509560,1855341,3288813,13150969,9648203,17254652,0.884915189741,0.830030381034,0.934033120264
2020-04-29,2521,63507,,,,,,,137393,98157,185711,2449705,1804496,3220988,13288362,9746360,17440363,0.885001673018,0.830011875345,0.933853110735
2020-04-30,2322,65829,,,,,,,134216,95344,182227,2391467,1754922,3155256,13422578,9841704,17622590,0.885198304167,0.829990920075,0.934006288818
2020-05-01,1891,67720,,,,,,,131138,92578,178800,2334815,1706477,3091606,13553716,9934282,17801390,0.88553929168,0.830016042328,0.934074981796
2020-05-02,1692,69412,,,,,,,128157,89913,175452,2279716,1659050,3029798,13681873,10024195,17976842,0.886068822608,0.830020345787,0.934066777732
2020-05-03,1120,70532,,,,,,,125273,87361,172239,2226148,1612829,2969773,13807146,10111556,18149081,0.886842813111,0.830212431436,0.934596194615
2020-05-04,1333,71865,,,,,,,122490,84866,169165,2174091,1567875,2911576,13929636,10196422,18318246,0.887930190007,0.830323925186,0.935480865966
2020-05-05,2318,74183,,,,,,,119811,82516,166210,2123536,1524208,2855159,14049447,10278938,18484456,0.889412782153,0.830442099034,0.937090201639
2020-05-06,2364,76547,,,,,,,117240,80250,163439,2074481,1481670,2800667,14166687,10359188,18647895,0.891382742473,0.83060620528,0.940633099993
2020-05-07,1934,78481,,,,,,,114781,78063,160672,2026930,1440268,2747864,14281468,10437251,18808567,0.89393631822,0.831120117955,0.953925453733
2020-05-08,1747,80228,,,,,,,112438,75955,158119,1980896,1399955,2696888,14393906,10513206,18966686,0.89716356673,0.831524221949,0.969645568106
2020-05-09,1488,81716,,,,,,,110219,74007,155671,1936402,1360922,2647691,14504125,10587213,19122357,0.901135742695,0.831902486186,0.990973488394
2020-05-10,893,82609,,,,,,,108132,72145,153290,1893479,1323167,2600079,14612257,10659358,19275647,0.905895223056,0.832413098933,1.01631410824
2020-05-11,1014,83623,,,,,,,106186,70462,151127,1852170,1286795,2554297,14718443,10729820,19426774,0.911454539557,0.832598985876,1.04955583368
2020-05-12,1627,85250,,,,,,,104392,68859,149189,1812530,1251732,2510361,14822835,10798679,19575963,0.917807634116,0.83317397475,1.07560800189
2020-05-13,1764,87014,,,,,,,102762,67356,147440,1774628,1218084,2468474,14925597,10866035,19723403,0.924947763568,0.834002374799,1.10198054787
2020-05-14,1783,88797,,,,,,,101310,66088,145801,1738545,1186021,2428558,15026907,10932123,19869204,0.932880113751,0.835597523682,1.12541977992
2020-05-15,1681,90478,,,,,,,100048,64995,144547,1704377,1155680,2390868,15126955,10997118,20013751,0.941621596244,0.837067493966,1.14745586642
2020-05-16,1216,91694,,,,,,,98990,63955,143362,1672228,1127071,2355420,15225945,11061073,20157113,0.951192042251,0.839371416958,1.16543780716
2020-05-17,758,92452,,,,,,,98147,63062,142383,1642218,1100236,2322340,15324092,11124135,20299496,0.9616058127,0.842600148089,1.1787680766
2020-05-18,1172,93624,,,,,,,97531,62432,141720,1614477,1075327,2291808,15421623,11186567,20441216,0.972864072462,0.846660154812,1.19486966456
2020-05-19,1552,95176,,,,,,,97156,61891,141336,1589143,1052381,2263967,15518779,11248458,20582552,0.984937819635,0.853206727094,1.22799944664
2020-05-20,1526,96702,,,,,,,97032,61644,141398,1566364,1031549,2239143,15615811,11310102,20723950,0.997737890755,0.862553464104,1.2376643683
2020-05-21,1217,97919,,,,,,,97168,61638,141752,1546292,1012987,2217441,15712979,11371740,20865702,1.01108780116,0.873592058972,1.25285822976
2020-05-22,1244,99163,,,,,,,97575,61893,142432,1529086,996876,2199182,15810554,11433633,21008134,1.02472588327,0.87524571094,1.25717539689
2020-05-23,1109,100272,,,,,,,98263,62274,143303,1514911,983259,2184341,15908817,11495907,21151437,1.03834866831,0.875663198916,1.26547422141
2020-05-24,622,100894,,,,,,,99240,62834,144640,1503932,972150,2173276,16008057,11558741,21296077,1.05167829669,0.875970614014,1.27611912557
2020-05-25,548,101442,,,,,,,100517,63593,146346,1496317,963665,2166292,16108574,11622334,21442423,1.06451867364,0.876431493602,1.28564039347
2020-05-26,662,102104,,,,,,,102110,64618,148494,1492242,957889,2163615,16210684,11686952,21590917,1.07677283161,0.877428447587,1.29753256245
2020-05-27,1518,103622,,,,,,,104030,65966,151028,1491880,955058,2165399,16314714,11752918,21741945,1.08842058397,0.878808739811,1.30659798006
2020-05-28,1178,104800,,,,,,,106282,67600,153949,1495400,955363,2171843,16420996,11820518,21895894,1.09947813121,0.881213724689,1.31193195811
2020-05-29,1160,105960,,,,,,,108878,69425,157311,1502968,958746,2183282,16529874,11889943,22053205,1.1099662591,0.88358342233,1.31842640356
2020-05-30,963,106923,,,,,,,111830,71593,161363,1514750,965385,2200020,16641704,11961536,22214568,1.11993265524,0.887023917181,1.3316730364
2020-05-31,581,107504,,,,,,,115157,73998,165721,1530917,975463,2222302,16756861,12035534,22380289,1.1294192295,0.891661364142,1.33993290068
2020-06-01,776,108280,,,,,,,118874,76767,170522,1551645,989188,2250352,16875735,12112301,22550811,1.13848546197,0.898915355856,1.34607545635
2020-06-02,1068,109348,,,,,,,122997,79895,175675,1577110,1006656,2284230,16998732,12192196,22726486,1.14714762135,0.908459129853,1.3498056557
2020-06-03,1007,110355,,,,,,,127543,83222,181308,1607497,1027981,2324117,17126275,12275418,22907794,1.15539294645,0.921270933292,1.35262824763
2020-06-04,1023,111378,,,,,,,132531,86909,187795,1642995,1053231,2370412,17258806,12362327,23095589,1.16316243785,0.930873378083,1.35527302029
2020-06-05,914,112292,,,,,,,137976,91027,195279,1683802,1082612,2423832,17396782,12453354,23290868,1.17039751343,0.936668518555,1.35565831185
2020-06-06,659,112951,,,,,,,143894,95634,203191,1730121,1116341,2484496,17540676,12548988,23494059,1.17704872836,0.941509219156,1.35447130242
2020-06-07,438,113389,,,,,,,150303,100255,211776,1782161,1154306,2552870,17690979,12649243,23705835,1.18304900536,0.948883193954,1.35308892403
2020-06-08,519,113908,,,,,,,157216,105279,220872,1840136,1196732,2629015,17848195,12754522,23926707,1.1883590967,0.958121189993,1.35435016704
2020-06-09,950,114858,,,,,,,164643,110863,230648,1904263,1243979,2713248,18012838,12865385,24157355,1.19291276292,0.968358456088,1.35504431727
2020-06-10,901,115759,,,,,,,172593,116744,241032,1974745,1296085,2805724,18185431,12982129,24398387,1.19666383469,0.984400913677,1.35430868309
2020-06-11,871,116630,,,,,,,181064,123110,252814,2051779,1353212,2907448,18366495,13105239,24651201,1.19958186582,1.00762349214,1.3545997998
2020-06-12,828,117458,,,,,,,190054,129897,265443,2135550,1415492,3018879,18556549,13235136,24916644,1.20162474237,1.03383930886,1.35290181146
2020-06-13,759,118217,,,,,,,199549,136680,278532,2226222,1482721,3140037,18756098,13371816,25195176,1.2027733458,1.05266337391,1.35309700449
2020-06-14,308,118525,,,,,,,209527,144085,291645,2323919,1555190,3270289,18965625,13515901,25486821,1.20297504609,1.04719955774,1.35332512521
2020-06-15,394,118919,,,,,,,219955,151780,306009,2428717,1632948,3410568,19185580,13667681,25792830,1.20222651584,1.04668297816,1.3531909571
2020-06-16,838,119757,,,,,,,230784,159968,320659,2540627,1716120,3560710,19416364,13827649,26113489,1.20050125544,1.03207027966,1.35252133596
2020-06-17,744,120501,,,,,,,241956,168376,334149,2659586,1804565,3719235,19658320,13996025,26447638,1.1978099603,1.0271466368,1.35034750654
2020-06-18,718,121219,,,,,,,253396,177132,348240,2785440,1898433,3886236,19911716,14173157,26795878,1.19417489332,1.01442602851,1.34930161871
2020-06-19,670,121889,,,,,,,265020,186468,362269,2917929,1997967,4060838,20176736,14359625,27158147,1.18961002862,1.01025870916,1.35018701699
2020-06-20,604,122493,,,,,,,276728,195550,377110,3056681,2102481,4242788,20453464,14555175,27535257,1.18414327755,1.0040804453,1.35246477286
2020-06-21,285,122778,,,,,,,288407,204666,391615,3201195,2211512,4431330,20741871,14759841,27926872,1.17780046677,0.995798571466,1.35272025743
2020-06-22,389,123167,,,,,,,299940,214784,405406,3350832,2326035,4625067,21041811,14974625,28332278,1.17067613491,0.987104014995,1.35306252216
2020-06-23,847,124014,,,,,,,311204,224163,418544,3504821,2444903,4822794,21353015,15198788,28750822,1.16289084409,0.982560137723,1.35287679098
2020-06-24,759,124773,,,,,,,322079,233049,430583,3662257,2567072,5022759,21675094,15431837,29181405,1.15459111878,0.976753184668,1.35250232662
2020-06-25,551,125324,,,,,,,332457,241789,443121,3822122,2692102,5224843,22007551,15673626,29624526,1.14593163246,0.97236450612,1.35294205861
2020-06-26,617,125941,,,,,,,342243,250454,453640,3983300,2819427,5425602,22349794,15924080,30078166,1.13703101268,0.968378531121,1.35170461468
2020-06-27,504,126445,,,,,,,351365,258854,464219,4144612,2948369,5624243,22701159,16182934,30542385,1.12801928169,0.961493010681,1.35171173918
2020-06-28,273,126718,,,,,,,359771,266467,473454,4304834,3078155,5819016,23060930,16449401,31015839,1.11899536196,0.958328611518,1.35034578
2020-06-29,377,127095,,,,,,,367425,272983,480549,4462732,3207052,6007770,23428355,16722384,31496388,1.11005123728,0.954415877892,1.34852001696
2020-06-30,625,127720,,,,,,,374311,279063,487998,4617087,3334348,6189658,23802666,17001447,31984386,1.10125462973,0.950130976953,1.34606977632
2020-07-01,694,128414,,,,,,,380420,284684,494682,4766723,3459102,6363626,24183086,17286131,32479068,1.09263021298,0.945487680961,1.34288408502
2020-07-02,727,129141,,,,,,,385759,288996,501132,4910526,3579759,6530655,24568845,17575127,32980200,1.08418127138,0.943451681021,1.33875935275
2020-07-03,660,129801,,,,,,,390341,292564,506168,5047471,3695218,6688690,24959186,17867691,33486368,1.075878492,0.941289517954,1.33191128627
2020-07-04,265,130066,,,,,,,394189,296007,510384,5176640,3804801,6836912,25353375,18163698,33996752,1.06770115379,0.939898927924,1.32294220339
2020-07-05,288,130354,,,,,,,397333,298608,513414,5297245,3907891,6973316,25750708,18462306,34510166,1.05964088112,0.937135268194,1.31123932052
2020-07-06,355,130709,,,,,,,399805,301089,515803,5408642,4004325,7097571,26150513,18763395,35025969,1.05171003242,0.934151083589,1.30061631038
2020-07-07,1222,131931,,,,,,,401642,303483,518125,5510344,4093042,7210336,26552155,19066878,35544094,1.04393839844,0.930422473649,1.28965673527
2020-07-08,863,132794,,,,,,,402881,304845,519733,5602020,4173748,7311539,26955036,19371723,36063827,1.03637021268,0.927449311289,1.28107403792
2020-07-09,1003,133797,,,,,,,403559,305799,520444,5683500,4246516,7401396,27358595,19677522,36584271,1.02905589865,0.925683196979,1.27275237757
2020-07-10,824,134621,,,,,,,403713,306300,521000,5754756,4311048,7479294,27762308,19983822,37105271,1.02204745502,0.923830857723,1.26305783366
2020-07-11,690,135311,,,,,,,403379,306157,519996,5815892,4366769,7545653,28165687,20289979,37625267,1.01539814171,0.922188334652,1.25139963684
2020-07-12,459,135770,,,,,,,402591,305679,519083,5867118,4413610,7600522,28568278,20595658,38144350,1.00915569797,0.920001287985,1.23637694566
2020-07-13,367,136137,,,,,,,401381,304878,516829,5908728,4452040,7643902,28969659,20900536,38661179,1.00335210727,0.917798467745,1.22291414479
2020-07-14,926,137063,,,,,,,399782,304107,514326,5941084,4483180,7677699,29369441,21204643,39175505,0.99799715706,0.916187761576,1.2055148604
2020-07-15,968,138031,,,,,,,397824,302679,512002,5964598,4506809,7701746,29767265,21507322,39687507,0.993081172392,0.914396077836,1.19449575404
2020-07-16,943,138974,,,,,,,395538,301493,509428,5979716,4523642,7716545,30162803,21808815,40196935,0.988584325445,0.912840728058,1.1790115407
2020-07-17,930,139904,,,,,,,392953,300065,506463,5986910,4534733,7721938,30555756,22108880,40703398,0.984485038465,0.911051085531,1.1594224861
2020-07-18,868,140772,,,,,,,390097,298000,502591,5986665,4540177,7718430,30945853,22406880,41205989,0.980762861781,0.906663212745,1.14317234408
2020-07-19,447,141219,,,,,,,386995,295650,499058,5979471,4539841,7707160,31332848,22702530,41705047,0.977397166587,0.905761613984,1.13245790602
2020-07-20,514,141733,,,,,,,383674,292973,495470,5965813,4534209,7689256,31716522,22995503,42200517,0.974365418709,0.903747719528,1.12076346487
2020-07-21,1107,142840,,,,,,,380156,290061,491079,5946164,4523166,7664551,32096678,23285564,42691596,0.971642908427,0.902696268102,1.09860276593
2020-07-22,1216,144056,,,,,,,376463,286916,486969,5920985,4506580,7633405,32473141,23572480,43178565,0.969203444831,0.901869809979,1.0712661718
2020-07-23,1094,145150,,,,,,,372618,283991,481957,5890722,4485699,7595637,32845759,23856471,43660522,0.967020117848,0.899962922865,1.05864343262
2020-07-24,1132,146282,,,,,,,368639,280986,477413,5855803,4460834,7552610,33214398,24137457,44137935,0.965065953933,0.897040319388,1.05127654597
2020-07-25,899,147181,,,,,,,364852,277737,472564,5816942,4432214,7504203,33579250,24415194,44610499,0.963314681003,0.896657911074,1.04373363459
2020-07-26,472,147653,,,,,,,360957,274802,467757,5774520,4400796,7451993,33940207,24689996,45078256,0.961741641182,0.895842200794,1.04006425683
2020-07-27,1120,148773,,,,,,,356985,271885,462552,5728914,4366939,7395493,34297192,24961881,45540808,0.960324625053,0.894499578404,1.03703578163
2020-07-28,1374,150147,,,,,,,352963,268875,457342,5680496,4330882,7336048,34650155,25230756,45998150,0.959044343322,0.893688236856,1.03378562681
2020-07-29,1432,151579,,,,,,,348933,265656,452025,5629647,4292386,7273796,34999088,25496412,46450175,0.95788438643,0.89297350598,1.02946797965
2020-07-30,1209,152788,,,,,,,344935,262442,446532,5576758,4252095,7208388,35344023,25758854,46896707,0.95683073506,0.892507012003,1.02773377687
2020-07-31,1243,154031,,,,,,,340955,259239,441472,5522175,4209798,7140509,35684978,26018093,47338179,0.955871057475,0.89205236231,1.02611199326
2020-08-01,1115,155146,,,,,,,336984,255993,436295,5466207,4165685,7070407,36021962,26274086,47774474,0.954994074474,0.891608873806,1.024103151
2020-08-02,403,155549,,,,,,,333029,252779,431454,5409139,4120417,6999330,36354991,26526865,48205928,0.954189178979,0.890772502211,1.02353618114
2020-08-03,530,156079,,,,,,,329096,249163,427274,5351239,4073882,6927597,36684087,26776028,48633202,0.953446341684,0.89014651931,1.02287089489
2020-08-04,1378,157457,,,,,,,325202,245839,422269,5292768,4026694,6854427,37009289,27021867,49055471,0.952757090457,0.889712408863,1.02230457735
2020-08-05,1376,158833,,,,,,,321352,242765,417569,5233964,3979352,6780943,37330641,27264632,49473040,0.952112055294,0.889288875332,1.02151941218
2020-08-06,1253,160086,,,,,,,317545,239681,412780,5175046,3932078,6706790,37648186,27504313,49885820,0.951503739737,0.888875490801,1.02085284139
2020-08-07,1242,161328,,,,,,,313783,236200,408236,5116211,3884252,6633109,37961969,27740513,50294056,0.95092571272,0.888461541983,1.02031964245
2020-08-08,1077,162405,,,,,,,310070,232888,403920,5057642,3836121,6559646,38272039,27973401,50697976,0.950372592936,0.887986812406,1.01987466742
2020-08-09,511,162916,,,,,,,306641,230088,400199,4999430,3788438,6487306,38578680,28203489,51098175,0.951823596333,0.889480843181,1.02132511891
2020-08-10,527,163443,,,,,,,303266,227013,396294,4941739,3740621,6415864,38881946,28430502,51494469,0.953295137776,0.890795514931,1.02154881853
2020-08-11,1064,164507,,,,,,,299959,223955,392496,4884713,3692672,6345825,39181905,28654457,51886965,0.954783528969,0.892081334913,1.02368048622
2020-08-12,1505,166012,,,,,,,296731,220863,388822,4828482,3644644,6277325,39478636,28875320,52275787,0.956286638002,0.893525689597,1.02504570064
2020-08-13,1070,167082,,,,,,,293607,217799,385349,4773156,3596775,6210669,39772243,29093119,52661136,0.95780476702,0.894615457491,1.02717102762
2020-08-14,1338,168420,,,,,,,290613,214627,382041,4718833,3548953,6146194,40062856,29307746,53043177,0.959334538478,0.895980158941,1.02903616279
2020-08-15,1034,169454,,,,,,,287730,211705,378964,4665608,3501416,6083702,40350586,29519451,53422141,0.960875009122,0.897398231513,1.03169483368
2020-08-16,571,170025,,,,,,,284947,208837,376018,4613571,3454261,6023443,40635533,29728288,53798159,0.96242536899,0.898234573783,1.0343346479
2020-08-17,446,170471,,,,,,,282263,206036,373699,4562805,3407523,5965704,40917796,29934324,54171858,0.96398532081,0.900843390652,1.03668686378
2020-08-18,1325,171796,,,,,,,279679,203158,371280,4513388,3361523,5909724,41197475,30137482,54543138,0.965554818627,0.902299823782,1.03947844303
2020-08-19,1353,173149,,,,,,,277205,200470,369229,4465390,3316159,5856691,41474680,30337952,54912367,0.967133137125,0.902498451716,1.04232878349
2020-08-20,1079,174228,,,,,,,274838,197887,367442,4418877,3271285,5806564,41749518,30535839,55279809,0.968719846939,0.902503665766,1.04504490718
2020-08-21,1105,175333,,,,,,,272577,195200,365732,4373908,3226808,5759521,42022095,30731039,55645541,0.970314918858,0.902586725739,1.04800640822
2020-08-22,982,176315,,,,,,,270417,192640,363900,4330542,3183250,5715195,42292512,30923679,56009441,0.971918469725,0.902531025998,1.05097554953
2020-08-23,450,176765,,,,,,,268359,190183,362668,4288831,3140547,5673950,42560871,31113862,56372109,0.973530811842,0.902817391394,1.05385554313
2020-08-24,442,177207,,,,,,,266404,187885,361360,4248594,3098346,5635118,42827275,31301747,56733469,0.975152032867,0.902654187486,1.05682583024
2020-08-25,1239,178446,,,,,,,264552,185578,360571,4209879,3056918,5599402,43091827,31487325,57094040,0.976782282214,0.90304750181,1.05973498392
2020-08-26,1225,179671,,,,,,,262802,183440,359998,4172722,3016414,5566905,43354629,31670765,57454038,0.97842194601,0.903846628641,1.06265756832
2020-08-27,1111,180782,,,,,,,261154,181257,358982,4137145,2976817,5537068,43615783,31852022,57813020,0.980071623023,0.904793591563,1.06555101262
2020-08-28,971,181753,,,,,,,259607,179043,358563,4103145,2938070,5510282,43875390,32031065,58171583,0.981732085356,0.905881827835,1.06833495072
2020-08-29,958,182711,,,,,,,258160,176972,358257,4070693,2900423,5486487,44133550,32208037,58529840,0.983404146464,0.906254295445,1.07144232407
2020-08-30,310,183021,,,,,,,256815,174951,358540,4039778,2863677,5466047,44390365,32382988,58888380,0.985088724383,0.90687441118,1.07445487898
2020-08-31,573,183594,,,,,,,255571,172981,359009,4010403,2827826,5449015,44645936,32555969,59247389,0.986786966182,0.906853825376,1.07751749595
2020-09-01,1067,184661,,,,,,,254429,170925,359534,3982568,2792721,5434819,44900365,32726894,59606923,0.988500271395,0.906309490967,1.08068812057
2020-09-02,1056,185717,,,,,,,253389,169024,360166,3956278,2758590,5423665,45153754,32895918,59967089,0.990230259542,0.90586633723,1.08343029476
2020-09-03,1070,186787,,,,,,,252450,167219,361080,3931523,2725340,5415468,45406204,33063137,60328169,0.991978678568,0.905132230812,1.08620893344
2020-09-04,965,187752,,,,,,,251614,165450,362310,3908299,2692908,5410291,45657818,33228587,60690479,0.993747347475,0.904964303915,1.08942786868
2020-09-05,783,188535,,,,,,,250881,163655,363613,3886604,2661367,5408134,45908699,33392242,61054092,0.995538103105,0.905891241168,1.09270621999
2020-09-06,403,188938,,,,,,,250252,161900,365234,3866439,2630633,5409440,46158951,33554142,61419326,0.997352664417,0.906423080892,1.09627233282
2020-09-07,267,189205,,,,,,,249729,160286,367030,3847809,2600743,5413784,46408680,33714428,61786356,0.999192405849,0.907057292768,1.09894393805
2020-09-08,445,189650,,,,,,,249311,158528,369342,3830717,2571395,5421766,46657991,33872956,62155698,1.0010580778,0.906399777264,1.10302309802
2020-09-09,1193,190843,,,,,,,249000,156954,371991,3815165,2542784,5433195,46906991,34029910,62527689,1.00294956891,0.906285396056,1.10694271588
2020-09-10,920,191763,,,,,,,248798,155371,374730,3801161,2514728,5447940,47155789,34185281,62902419,1.00486578633,0.906079320984,1.11111648517
2020-09-11,1213,192976,,,,,,,248706,153952,378033,3788713,2487436,5467007,47404495,34339233,63280452,1.00680467851,0.90596642944,1.11563525172
2020-09-12,714,193690,,,,,,,248725,152577,381919,3777831,2460983,5490367,47653220,34491810,63662371,1.00876339388,0.906122875558,1.12015371045
2020-09-13,378,194068,,,,,,,248859,151230,385420,3768530,2435251,5517536,47902079,34643040,64047791,1.01073853586,0.905958782012,1.12445243225
2020-09-14,422,194490,,,,,,,249108,149965,389229,3760823,2410270,5548241,48151187,34793005,64437020,1.01272646177,0.906018676391,1.12847580137
2020-09-15,1288,195778,,,,,,,249475,148725,393948,3754726,2386020,5583194,48400662,34941730,64830968,1.01472357047,0.90587855038,1.13248347905
2020-09-16,983,196761,,,,,,,249963,147415,398951,3750260,2362511,5622619,48650625,35089145,65229919,1.0167265318,0.905690653213,1.13648578543
2020-09-17,870,197631,,,,,,,250573,146346,404099,3747445,2339830,5666550,48901198,35235491,65634018,1.01873243257,0.905469882411,1.14054882799
2020-09-18,936,198567,,,,,,,251310,145345,409187,3746305,2317949,5714646,49152508,35380836,66043205,1.02073883383,0.905508256092,1.14424196173
2020-09-19,712,199279,,,,,,,252175,144333,415010,3746866,2296830,5767332,49404683,35525169,66458215,1.02274375309,0.905572157978,1.1488001979
2020-09-20,227,199506,,,,,,,253173,143313,421222,3749158,2276482,5824929,49657856,35668482,66879437,1.02474559935,0.905636118411,1.15341685607
2020-09-21,356,199862,,,,,,,254305,142414,427578,3753211,2256993,5887263,49912161,35810896,67307015,1.02674309195,0.905110408142,1.15788283635
2020-09-22,921,200783,,,,,,,255577,141535,434594,3759059,2238245,5954821,50167738,35952431,67741609,1.02873518552,0.905247896402,1.16216062194
2020-09-23,1098,201881,,,,,,,256991,140684,441612,3766739,2220410,6027092,50424729,36093115,68183221,1.03072100925,0.905586688702,1.16622360628
2020-09-24,914,202795,,,,,,,258551,139902,449145,3776290,2203369,6104251,50683280,36233017,68632366,1.03269981889,0.905508086039,1.17023096415
2020-09-25,952,203747,,,,,,,260261,139112,457098,3787753,2187120,6186627,50943541,36372129,69089464,1.0346709579,0.906369324,1.17420365707
2020-09-26,740,204487,,,,,,,262125,138510,465580,3801172,2171686,6274189,51205666,36510639,69555044,1.03663382629,0.906733415878,1.17813893902
2020-09-27,266,204753,,,,,,,264146,137773,475293,3816593,2156893,6367570,51469812,36648412,70030337,1.03858785647,0.907444137963,1.18194133861
2020-09-28,316,205069,,,,,,,266328,137309,485426,3834062,2142980,6467592,51736140,36785721,70515763,1.04053249569,0.905051509328,1.1856668672
2020-09-29,914,205983,,,,,,,268675,136807,495325,3853629,2129825,6573702,52004815,36922528,71011088,1.04246719332,0.904956943659,1.18933389702
2020-09-30,946,206929,,,,,,,271189,136327,505725,3875343,2117431,6685483,52276004,37058855,71516813,1.04439139121,0.904863041719,1.19293809617
2020-10-01,857,207786,,,,,,,273875,135669,516211,3899255,2105687,6802745,52549879,37194524,72033024,1.04630451595,0.904769757334,1.19645721427
2020-10-02,906,208692,,,,,,,276738,135229,526741,3925420,2094571,6925380,52826617,37329753,72559765,1.04820597241,0.904503916125,1.20106688738
2020-10-03,687,209379,,,,,,,279785,134697,538803,3953895,2083927,7054970,53106402,37464450,73098568,1.05009513851,0.904234368126,1.20393896741
2020-10-04,,,739.122269925,475,1089,210118.12227,209854,210468,283019,134381,550863,3984739,2073976,7190789,53389421,37598831,73649431,1.05197136099,0.904637282696,1.20746787437
2020-10-05,,,737.463631755,470,1095,210855.585902,210324,211563,286444,134112,564185,4018010,2064775,7333712,53675865,37732943,74213616,1.05383395171,0.905017600531,1.21213026432
2020-10-06,,,736.113723225,464,1103,211591.699625,210789,212665,290064,133755,577934,4053769,2056111,7484022,53965929,37866698,74791550,1.05568218429,0.905157807269,1.21510594519
2020-10-07,,,735.076918411,459,1110,212326.776543,211249,213774,293885,133723,593636,4092077,2048300,7643021,54259814,38000421,75385186,1.05751529093,0.905299439302,1.21856264964
2020-10-08,,,734.35823088,455,1119,213061.134774,211704,214892,297913,133590,609962,4132999,2041213,7811334,54557727,38134011,75995148,1.05933245925,0.905442420846,1.2215651316
2020-10-09,,,733.963264607,450,1129,213795.098039,212155,216021,302149,133394,626074,4176597,2034714,7988227,54859876,38267405,76621222,1.06112761064,0.905586679622,1.22442804889
2020-10-10,,,733.897976457,446,1140,214528.996015,212601,217160,306598,133334,642427,4222934,2028945,8173525,55166474,38400739,77263649,1.0628956463,0.905732146529,1.22724863979
2020-10-11,,,734.168681725,442,1151,215263.164697,213043,218310,311265,133166,660083,4272074,2023610,8368003,55477739,38533905,77923732,1.0646443683,0.90587875537,1.22996862385
2020-10-12,,,734.782078513,437,1163,215997.946775,213481,219473,316153,133004,677996,4324080,2018855,8570673,55793892,38666909,78601728,1.06635604241,0.906026442596,1.23076148139
2020-10-13,,,735.745273948,433,1177,216733.692049,213914,220650,321268,133009,694989,4379019,2014570,8780203,56115160,38799918,79296717,1.0680331656,0.906175147105,1.23145282247
2020-10-14,,,737.065793983,429,1193,217470.757843,214344,221843,326612,133175,714429,4436956,2010947,8999283,56441772,38933093,80011146,1.06966100302,0.906324810095,1.23457959068
2020-10-15,,,738.751554177,425,1209,218209.509398,214770,223051,332187,133322,735073,4497954,2007954,9228605,56773959,39066415,80746219,1.07123068995,0.906475374957,1.23605152941
2020-10-16,,,740.811473577,422,1225,218950.320871,215192,224275,338000,133625,756507,4562079,2005917,9468869,57111959,39200040,81502726,1.07276108095,0.90669222037,1.23880961183
2020-10-17,,,743.255813323,419,1243,219693.576685,215612,225518,344053,133896,778813,4629393,2004590,9720908,57456012,39333936,82281539,1.07423094328,0.906859175775,1.24041484792
2020-10-18,,,747.060551367,416,1264,220440.637236,216028,226781,350349,134063,800370,4699957,2003966,9982431,57806361,39467999,83081909,1.07564866389,0.907025761157,1.238722151
2020-10-19,,,751.289472121,414,1284,221191.926708,216442,228064,356887,134485,823239,4773824,2004076,10254757,58163248,39602484,83905148,1.07700746362,0.907192240507,1.23749739121
2020-10-20,,,755.953369484,412,1308,221947.880077,216854,229371,363669,134810,846900,4851050,2004781,10537408,58526917,39737294,84752048,1.07826420752,0.907266282135,1.23716020863
2020-10-21,,,761.06357679,410,1330,222708.943654,217265,230700,370702,135203,870326,4931689,2006232,10829730,58897619,39872497,85622374,1.0794427836,0.907361927311,1.23622312669
2020-10-22,,,766.631932503,408,1356,223475.575587,217673,232055,377986,135707,894983,5015790,2008215,11131002,59275605,40008204,86517357,1.08053710463,0.907511597588,1.23593202678
2020-10-23,,,772.670733497,405,1382,224248.24632,218079,233436,385521,136242,921484,5103398,2010862,11442454,59661126,40144446,87438841,1.08155660531,0.90766329041,1.23625011332
2020-10-24,,,779.19273442,404,1412,225027.439055,218484,234848,393305,137114,948152,5194554,2014576,11764457,60054431,40281560,88386993,1.0824913727,0.90781468675,1.23604835981
2020-10-25,,,786.21113394,402,1443,225813.650189,218887,236290,401335,138029,975637,5289291,2019265,12097588,60455766,40419589,89362630,1.08335300131,0.907966673305,1.23353218139
2020-10-26,,,793.739587943,401,1474,226607.389777,219289,237764,409610,138784,1002238,5387636,2024875,12439682,60865376,40558373,90364868,1.08414629133,0.908119209503,1.23224118144
2020-10-27,,,801.792171799,400,1507,227409.181948,219690,239270,418129,139694,1030601,5489612,2031559,12792214,61283505,40698067,91395469,1.08488588157,0.908272256329,1.22998018862
2020-10-28,,,810.383224989,399,1542,228219.565173,220090,240811,426889,140580,1058576,5595234,2039125,13155721,61710394,40838647,92454045,1.08556422004,0.908425521326,1.22901729567
2020-10-29,,,819.52740337,398,1577,229039.092577,220489,242387,435881,141532,1086839,5704504,2047480,13528037,62146275,40980179,93540884,1.08617528422,0.90788395928,1.22755986991
2020-10-30,,,829.239675305,397,1614,229868.332252,220886,244000,445099,142562,1119536,5817416,2056720,13912363,62591374,41122741,94660420,1.08671205027,0.907569407083,1.22608914049
2020-10-31,,,839.535338172,396,1650,230707.86759,221284,245648,454537,143536,1149601,5933953,2066630,14305291,63045911,41266277,95810021,1.08716071624,0.907055099428,1.22475988459
2020-11-01,,,850.429986685,395,1691,231558.297577,221680,247338,464192,144568,1180947,6054092,2077299,14707246,63510103,41410845,96990968,1.08754463915,0.907008687835,1.22320679134
