date,actual_deaths,total_deaths,predicted_deaths_mean,predicted_deaths_lower,predicted_deaths_upper,predicted_total_deaths_mean,predicted_total_deaths_lower,predicted_total_deaths_upper,predicted_new_infected_mean,predicted_new_infected_lower,predicted_new_infected_upper,predicted_current_infected_mean,predicted_current_infected_lower,predicted_current_infected_upper,predicted_total_infected_mean,predicted_total_infected_lower,predicted_total_infected_upper,r_values_mean,r_values_lower,r_values_upper
2020-02-05,0,0,,,,,,,126,66,178,126,66,178,126,66,178,2.26218049867,2.1,2.4
2020-02-06,0,0,,,,,,,126,66,178,252,132,356,252,132,356,2.26217053452,2.09998893384,2.39999969812
2020-02-07,0,0,,,,,,,126,66,178,377,197,534,378,198,534,2.26216717719,2.09998541096,2.3999995362
2020-02-08,0,0,,,,,,,126,66,178,503,264,712,504,264,712,2.2621626758,2.09998076649,2.39999929073
2020-02-09,0,0,,,,,,,287,163,404,790,441,1102,791,427,1116,2.26215663542,2.09997464334,2.39999891191
2020-02-10,0,0,,,,,,,287,163,404,1077,610,1501,1078,590,1520,2.26214852276,2.09996621001,2.39999833062
2020-02-11,0,0,,,,,,,287,163,404,1364,776,1902,1365,753,1924,2.26213761688,2.09995479797,2.39999743785
2020-02-12,0,0,,,,,,,287,163,404,1651,941,2304,1652,916,2328,2.26212294206,2.09993953186,2.39999620152
2020-02-13,0,0,,,,,,,460,278,648,2110,1236,2929,2112,1194,2976,2.26210317611,2.09991911021,2.39999431807
2020-02-14,0,0,,,,,,,669,407,937,2780,1649,3860,2781,1601,3913,2.26204705618,2.09985935494,2.39996710728
2020-02-15,0,0,,,,,,,1207,745,1628,3986,2449,5448,3988,2346,5541,2.26200740001,2.09981841165,2.39996001848
2020-02-16,0,0,,,,,,,2404,1465,3094,6391,4041,8481,6392,3811,8635,2.2619467788,2.0997564822,2.39994319109
2020-02-17,0,0,,,,,,,3885,2519,4923,10276,6692,13316,10277,6330,13558,2.26186904607,2.09967835868,2.39992326301
2020-02-18,0,0,,,,,,,4302,2831,5457,14578,9563,18746,14579,9161,19015,2.26176709934,2.09957759636,2.3998987524
2020-02-19,0,0,,,,,,,5052,3382,6403,19630,13007,25103,19631,12543,25418,2.26163158732,2.09944577361,2.3998655042
2020-02-20,0,0,,,,,,,5192,3484,6598,24696,16436,31513,24823,16027,32016,2.26144901958,2.09926990078,2.39981567712
2020-02-21,0,0,,,,,,,5722,3898,7265,30292,20292,38579,30545,19925,39281,2.26120144984,2.09903603334,2.39974854974
2020-02-22,0,0,,,,,,,6793,4699,8633,36960,24973,46996,37338,24624,47914,2.26086831681,2.09872650681,2.39965492744
2020-02-23,0,0,,,,,,,8135,5714,10318,44968,30714,57060,45473,30338,58232,2.26042009025,2.09832332936,2.39951792075
2020-02-24,0,0,,,,,,,10339,7256,13194,55020,37887,69791,55812,37594,71426,2.25981460401,2.0977874579,2.39933307327
2020-02-25,0,0,,,,,,,16239,10832,20659,70972,48732,89928,72051,48426,92085,2.25899399641,2.09708601375,2.39907110914
2020-02-26,0,0,,,,,,,19617,13321,25028,90302,61933,114514,91668,61747,117113,2.2578787417,2.09614436448,2.39869766482
2020-02-27,0,0,,,,,,,21393,14427,27539,111408,76210,141636,113061,76174,144652,2.25636136633,2.09490647014,2.39813365048
2020-02-28,0,0,,,,,,,25989,17357,33773,136937,93288,174756,139050,93531,178425,2.25429440175,2.09324861512,2.39730245827
2020-02-29,1,1,,,,,,,31807,20682,41977,168076,113573,215755,170857,114213,220402,2.2514749991,2.09104899937,2.39608213509
2020-03-01,0,1,,,,,,,41339,26299,55261,208208,139189,269271,212196,140512,275663,2.24762550654,2.08813144845,2.39427605398
2020-03-02,5,6,,,,,,,51429,32395,69377,257233,170227,335401,263625,172907,345040,2.24236808448,2.0842620506,2.39158400919
2020-03-03,1,7,,,,,,,63823,40020,86749,317170,207822,417081,327448,212927,431789,2.23519276609,2.07914999156,2.38759035147
2020-03-04,4,11,,,,,,,78350,48454,107539,391218,253547,518994,405798,261381,539328,2.22541792219,2.07239722906,2.38167450477
2020-03-05,1,12,,,,,,,98020,60032,135695,484186,310300,648085,503818,321413,675023,2.2121461014,2.06305780973,2.37300287184
2020-03-06,2,14,,,,,,,120167,72793,167758,599161,379718,809002,623985,394206,842781,2.19422298481,2.04860666589,2.36082959915
2020-03-07,3,17,,,,,,,145214,88115,203289,738653,464020,1004839,769199,482321,1046070,2.17021452728,2.02769200637,2.34230977875
2020-03-08,4,21,,,,,,,172591,106116,240330,904450,565427,1236443,941790,588437,1286400,2.13842965507,1.99234508188,2.31516539865
2020-03-09,1,22,,,,,,,201539,127239,275761,1097855,686827,1501913,1143329,715676,1562161,2.0970287762,1.9330542191,2.27889597069
2020-03-10,6,28,,,,,,,230975,152213,311824,1318492,831530,1800684,1374304,867889,1873985,2.04426288375,1.86584042668,2.25782622056
2020-03-11,5,33,,,,,,,257138,173789,343496,1559390,994444,2123481,1631442,1041678,2217481,1.97886268478,1.78197756736,2.2159830945
2020-03-12,10,43,,,,,,,278462,189420,370868,1818235,1170410,2469343,1909904,1231098,2588349,1.90052284824,1.68308916772,2.17615782539
2020-03-13,8,51,,,,,,,294794,203812,390654,2091637,1359685,2832433,2204698,1434910,2979003,1.8103223975,1.57118430526,2.11406181918
2020-03-14,7,58,,,,,,,305959,211069,401714,2371607,1553320,3200295,2510657,1645979,3380717,1.71087155127,1.45668601847,2.04569930079
2020-03-15,12,70,,,,,,,313328,218104,411952,2653128,1750822,3570115,2823985,1864083,3792669,1.6060620972,1.34000239144,1.97761034875
2020-03-16,27,97,,,,,,,317359,223535,422402,2929147,1948297,3937046,3141344,2087618,4215071,1.50048270236,1.22005331113,1.89287456198
2020-03-17,35,132,,,,,,,318949,227633,426722,3196667,2143922,4294161,3460293,2315251,4641793,1.39869944572,1.12564046398,1.7857089874
2020-03-18,59,191,,,,,,,318955,231010,427049,3451799,2335530,4634159,3779248,2546261,5068842,1.3046141045,1.05243332383,1.6704582788
2020-03-19,73,264,,,,,,,317893,234205,424183,3691342,2522185,4950340,4097141,2780466,5493025,1.22103314876,1.00248735394,1.54527296492
2020-03-20,99,363,,,,,,,316228,235822,422061,3909550,2699121,5236034,4413369,3016288,5915086,1.14948671074,0.966928621637,1.44296502446
2020-03-21,99,462,,,,,,,314063,237109,418612,4103445,2864813,5486144,4727432,3253397,6333698,1.09027767108,0.939528796918,1.34217248843
2020-03-22,110,572,,,,,,,311486,238435,414954,4269717,3016641,5697081,5038918,3491832,6748652,1.04271193762,0.922756876866,1.25827453628
2020-03-23,189,761,,,,,,,308627,238346,409513,4405754,3150520,5865575,5347545,3730178,7158165,1.00543629443,0.903877363655,1.18709953184
2020-03-24,239,1000,,,,,,,305518,237681,401984,4509733,3262485,5990940,5653063,3967859,7560149,0.976790603119,0.883471104743,1.12376253258
2020-03-25,324,1324,,,,,,,302191,234718,394377,4580949,3346142,6072478,5955254,4202577,7954526,0.95509265967,0.870559810244,1.07125499526
2020-03-26,408,1732,,,,,,,298636,233504,387660,4622447,3406944,6115694,6253890,4436081,8342186,0.938817985559,0.860857311765,1.03191133407
2020-03-27,518,2250,,,,,,,294833,231169,381058,4638818,3449277,6124991,6548723,4667250,8723244,0.926681881685,0.854342871796,1.00495966971
2020-03-28,633,2883,,,,,,,290788,227461,373595,4634811,3472904,6107080,6839511,4894711,9096839,0.917653554114,0.849271209614,0.983579174905
2020-03-29,586,3469,,,,,,,286534,223622,366374,4615386,3484760,6070989,7126045,5118333,9463213,0.910933187077,0.845898621373,0.970612259763
2020-03-30,692,4161,,,,,,,282021,219573,359133,4584079,3485061,6017761,7408066,5337906,9822346,0.905914245351,0.843335861445,0.962027499526
2020-03-31,1085,5246,,,,,,,277298,215261,352205,4544018,3475197,5947711,7685364,5553167,10174551,0.902143886899,0.841882119275,0.956784304669
2020-04-01,1172,6418,,,,,,,272383,210823,344958,4497452,3456659,5866577,7957747,5763990,10519509,0.899287549879,0.840681596295,0.952489627034
2020-04-02,1503,7921,,,,,,,267302,206363,337930,4445799,3430362,5778396,8225049,5970353,10857439,0.897099762171,0.839634042104,0.949013008492
2020-04-03,1392,9313,,,,,,,262082,202163,331601,4389988,3396901,5686850,8487131,6172516,11189040,0.895401203877,0.838507480082,0.946494824853
2020-04-04,1523,10836,,,,,,,256749,197703,324683,4330509,3357494,5590549,8743880,6370219,11513723,0.89406121442,0.83770782613,0.944451982773
2020-04-05,1590,12426,,,,,,,251338,193321,318138,4267784,3312751,5491271,8995218,6563540,11831861,0.892984707371,0.837032265953,0.943065803451
2020-04-06,1770,14196,,,,,,,245883,188903,311598,4202181,3262588,5389210,9241101,6752443,12143459,0.892102505438,0.836492233699,0.941698953106
2020-04-07,2571,16767,,,,,,,240419,184398,304778,4133973,3208271,5285731,9481520,6936841,12448237,0.891364260139,0.835821893179,0.940925502503
2020-04-08,2146,18913,,,,,,,234978,180059,297917,4063433,3150390,5182627,9716498,7116900,12746154,0.890733292107,0.835313267296,0.940239282291
2020-04-09,2228,21141,,,,,,,229588,175761,291016,3990830,3091203,5079986,9946086,7292661,13037170,0.890182843145,0.834835971196,0.939663145678
2020-04-10,2218,23359,,,,,,,224274,171764,284349,3916468,3029318,4977252,10170360,7464425,13321519,0.889693358685,0.834458567434,0.939172271427
2020-04-11,2119,25478,,,,,,,219053,167627,277923,3840688,2965647,4874534,10389413,7632052,13599442,0.889247751722,0.834134237157,0.938705107777
2020-04-12,1816,27294,,,,,,,213939,163510,271738,3763839,2901593,4772938,10603352,7795562,13871180,0.888839201721,0.833675962746,0.938377668136
2020-04-13,1946,29240,,,,,,,208940,159493,265441,3686245,2837391,4672160,10812292,7955055,14136621,0.888458636834,0.83330131183,0.938000598813
2020-04-14,2455,31695,,,,,,,204062,155575,259781,3608287,2773366,4572888,11016354,8110630,14396402,0.888101100461,0.832948566824,0.937635291055
2020-04-15,2609,34304,,,,,,,199307,151778,254193,3530296,2709881,4474901,11215661,8262408,14650595,0.887771531599,0.832678183198,0.937287327927
2020-04-16,2176,36480,,,,,,,194675,148072,248674,3452588,2647158,4378615,11410336,8410480,14899269,0.887455875842,0.832419819214,0.936990927093
2020-04-17,2093,38573,,,,,,,190164,144450,243399,3375450,2585294,4284082,11600500,8554930,15142668,0.887156738743,0.832133740556,0.936682242766
2020-04-18,1960,40533,,,,,,,185771,140732,238201,3299139,2523917,4190683,11786271,8695662,15380869,0.886871908575,0.831851951535,0.936366657275
2020-04-19,1931,42464,,,,,,,181493,137208,233296,3223883,2463466,4099322,11967764,8832870,15614165,0.886602461849,0.83160559202,0.936056228215
2020-04-20,2186,44650,,,,,,,177327,133698,228742,3149872,2403875,4009967,12145091,8966568,15842907,0.88634775271,0.831396959936,0.935780876067
2020-04-21,2548,47198,,,,,,,173269,130353,224160,3077257,2345327,3922584,12318360,9096921,16067067,0.886108212642,0.831184635623,0.935522059327
2020-04-22,2434,49632,,,,,,,169317,127015,219723,3006155,2287924,3837614,12487677,9223936,16286790,0.885885285915,0.830962228725,0.935269980708
2020-04-23,2466,52098,,,,,,,165467,123684,215350,2936644,2231520,3755157,12653144,9347620,16502140,0.885682007115,0.830784784821,0.935041570462
2020-04-24,2154,54252,,,,,,,161719,120554,211139,2868775,2176268,3675395,12814863,9468174,16713279,0.885502436738,0.830608467724,0.934884556376
2020-04-25,1698,55950,,,,,,,158070,117372,207114,2802571,2121817,3598278,12972933,9585546,16920393,0.885352303899,0.830405664424,0.93474331901
2020-04-26,1329,57279,,,,,,,154519,114210,202987,2738037,2068343,3523450,13127452,9699756,17123380,0.885239780171,0.830274581481,0.934506196249
2020-04-27,1466,58745,,,,,,,151064,111124,199098,2675162,2015899,3450902,13278516,9810880,17322478,0.885175271464,0.830096447543,0.934269034537
2020-04-28,2241,60986,,,,,,,147703,108131,195378,2613925,1964490,3380917,13426219,9919011,17517856,0.885173177852,0.830039277543,0.934139424434
2020-04-29,2521,63507,,,,,,,144438,105196,191899,2554300,1914067,3313094,13570657,10024207,17709755,0.885252713666,0.830066677189,0.933985951839
2020-04-30,2322,65829,,,,,,,141267,102246,188396,2496260,1864496,3247338,13711924,10126453,17898151,0.885439204642,0.830028333818,0.934032733669
2020-05-01,1891,67720,,,,,,,138192,99457,185094,2439777,1815851,3183784,13850116,10225910,18083245,0.885765829371,0.830017164462,0.934040548537
2020-05-02,1692,69412,,,,,,,135212,96930,181960,2384826,1768308,3122359,13985328,10322840,18265205,0.886275455366,0.830032093044,0.934080661458
2020-05-03,1120,70532,,,,,,,132329,94371,178850,2331384,1721929,3063010,14117657,10417211,18444055,0.887022375847,0.830253362798,0.93458201718
2020-05-04,1333,71865,,,,,,,129547,91737,175885,2279439,1676442,3005592,14247204,10508948,18619940,0.888073592002,0.830386312947,0.935394430002
2020-05-05,2318,74183,,,,,,,126867,89310,173003,2228980,1632042,2949839,14374071,10598258,18792943,0.88950876295,0.830556640436,0.936758843831
2020-05-06,2364,76547,,,,,,,124294,87007,170267,2180005,1588680,2895928,14498365,10685265,18963210,0.891417752145,0.830599531915,0.940596126904
2020-05-07,1934,78481,,,,,,,121832,84822,167669,2132520,1546471,2843852,14620197,10770087,19130879,0.893894577607,0.831156821832,0.953853405157
2020-05-08,1747,80228,,,,,,,119486,82736,165124,2086539,1505508,2793604,14739683,10852823,19296003,0.897027304959,0.831780818823,0.969625241897
2020-05-09,1488,81716,,,,,,,117265,80700,162730,2042086,1465637,2745172,14856948,10933523,19458733,0.900885505263,0.832152606644,0.989613164576
2020-05-10,893,82609,,,,,,,115178,78767,160499,1999194,1427016,2698540,14972126,11012290,19619232,0.905510050971,0.832540264516,1.015961285
2020-05-11,1014,83623,,,,,,,113235,76968,158391,1957911,1389765,2653932,15085361,11089258,19777623,0.910911845745,0.833020249988,1.0477882379
2020-05-12,1627,85250,,,,,,,111449,75368,156492,1918295,1353999,2611317,15196810,11164626,19934115,0.917082817865,0.834025383968,1.07343006479
2020-05-13,1764,87014,,,,,,,109832,73979,154877,1880425,1319841,2570808,15306642,11238605,20088992,0.924013927227,0.83499884136,1.0963693582
2020-05-14,1783,88797,,,,,,,108400,72676,153475,1844387,1287317,2532373,15415042,11311281,20242467,0.931708437628,0.83641336481,1.12232160116
2020-05-15,1681,90478,,,,,,,107169,71458,152092,1810289,1256525,2496057,15522211,11382739,20394559,0.940182726253,0.838331196085,1.1443858793
2020-05-16,1216,91694,,,,,,,106152,70419,151001,1778248,1227491,2461954,15628363,11453158,20545560,0.949458239834,0.841125780078,1.16315231534
2020-05-17,758,92452,,,,,,,105364,69589,150328,1748400,1200157,2430311,15733727,11522747,20695888,0.959553109921,0.84489603826,1.17727078089
2020-05-18,1172,93624,,,,,,,104820,68918,149965,1720891,1174719,2401416,15838547,11591665,20845853,0.970473970697,0.850051979235,1.19446850096
2020-05-19,1552,95176,,,,,,,104534,68446,149845,1695878,1151450,2375361,15943081,11660111,20995698,0.982199046274,0.856715478417,1.22550396987
2020-05-20,1526,96702,,,,,,,104518,68188,150089,1673529,1130357,2352426,16047599,11728299,21145787,0.994649120803,0.86537719501,1.23555871775
2020-05-21,1217,97919,,,,,,,104785,68134,150630,1654020,1111518,2332761,16152384,11796433,21296417,1.00766115063,0.874886531941,1.25245582356
2020-05-22,1244,99163,,,,,,,105345,68406,151575,1637533,1095136,2316635,16257729,11864839,21447992,1.02098934995,0.875623080994,1.25704202531
2020-05-23,1109,100272,,,,,,,106210,68788,152870,1624257,1081227,2304340,16363939,11933627,21600862,1.03434550758,0.875702304706,1.26012469997
2020-05-24,622,100894,,,,,,,107391,69441,154572,1614382,1070014,2296133,16471330,12003068,21755434,1.04746315829,0.876016401271,1.26228132062
2020-05-25,548,101442,,,,,,,108898,70307,156628,1608102,1061603,2292213,16580228,12073375,21912062,1.06015256636,0.876526291253,1.27623635672
2020-05-26,662,102104,,,,,,,110749,71461,158892,1605615,1056150,2292666,16690977,12144836,22070954,1.07231965137,0.877443503465,1.29462114932
2020-05-27,1518,103622,,,,,,,112956,72990,161675,1607122,1053829,2297796,16803933,12217826,22232629,1.08394663519,0.878743979651,1.30458116343
2020-05-28,1178,104800,,,,,,,115524,74784,164830,1612814,1054693,2307697,16919457,12292610,22397459,1.09505498683,0.880524025806,1.31138647331
2020-05-29,1160,105960,,,,,,,118465,76971,168715,1622879,1059040,2322870,17037922,12369581,22566174,1.10566860406,0.882759810633,1.3176900146
2020-05-30,963,106923,,,,,,,121795,79504,173014,1637505,1067133,2343719,17159717,12449085,22739188,1.11584146985,0.885814868544,1.33099826439
2020-05-31,581,107504,,,,,,,125530,82272,177562,1656884,1079024,2370211,17285247,12531357,22916750,1.125614907,0.890401432711,1.33968788316
2020-06-01,776,108280,,,,,,,129691,85255,182938,1681211,1094719,2402741,17414938,12616612,23099688,1.13503731533,0.897410764765,1.34601025045
2020-06-02,1068,109348,,,,,,,134292,88834,189357,1710683,1114663,2442054,17549230,12705446,23289045,1.14410919404,0.90669763432,1.34957644792
2020-06-03,1007,110355,,,,,,,139354,92733,196227,1745503,1138971,2488352,17688584,12798179,23485272,1.1527976236,0.91991262336,1.35256302759
2020-06-04,1023,111378,,,,,,,144897,96910,203179,1785881,1167705,2541358,17833481,12895089,23688451,1.1610220377,0.927727176574,1.35520999441
2020-06-05,914,112292,,,,,,,150940,101407,210826,1832036,1200984,2601472,17984421,12996496,23899277,1.16870853231,0.932792371019,1.35562796469
2020-06-06,659,112951,,,,,,,157502,106345,219223,1884193,1238922,2669047,18141923,13102841,24118500,1.17580274671,0.937941014292,1.35569000008
2020-06-07,438,113389,,,,,,,164605,111813,228358,1942588,1281950,2744473,18306528,13214654,24346858,1.1822407498,0.944782473074,1.35577999169
2020-06-08,519,113908,,,,,,,172265,117757,238531,2007462,1330267,2828377,18478793,13332411,24585389,1.18798727844,0.953657218909,1.35509014639
2020-06-09,950,114858,,,,,,,180497,124057,249487,2079062,1384023,2921196,18659290,13456468,24834876,1.19298216251,0.964960001307,1.35593103306
2020-06-10,901,115759,,,,,,,189311,130814,261143,2157624,1443381,3023416,18848601,13587282,25096019,1.19718377587,0.98064833652,1.35510605611
2020-06-11,871,116630,,,,,,,198707,137967,273917,2243376,1508359,3135642,19047308,13725249,25369936,1.20056771657,1.00594628365,1.3550542928
2020-06-12,828,117458,,,,,,,208683,145445,287281,2336535,1579020,3258090,19255991,13870694,25657217,1.20309506628,1.03102711941,1.35507361655
2020-06-13,759,118217,,,,,,,219223,153348,301587,2437292,1655384,3390944,19475214,14024042,25958804,1.20474963132,1.05524044345,1.35455870905
2020-06-14,308,118525,,,,,,,230297,161433,315606,2545794,1737310,3533531,19705511,14185475,26274410,1.20547894548,1.05121066177,1.35414861465
2020-06-15,394,118919,,,,,,,241861,169736,330915,2662125,1824769,3686895,19947372,14355211,26605325,1.20527399194,1.0486897088,1.35313811744
2020-06-16,838,119757,,,,,,,253853,179166,346773,2786287,1918656,3850749,20201225,14534377,26952098,1.20409875399,1.04021344356,1.35219897297
2020-06-17,744,120501,,,,,,,266195,188521,361988,2918190,2018312,4023403,20467420,14722898,27314086,1.2019537814,1.03329023056,1.35041052327
2020-06-18,718,121219,,,,,,,278792,198250,377340,3057629,2123805,4204549,20746212,14921148,27691426,1.1988537818,1.02668646742,1.34952881775
2020-06-19,670,121889,,,,,,,291538,208129,393046,3204270,2235001,4394465,21037750,15129277,28084472,1.19480455898,1.01880277372,1.35025579937
2020-06-20,604,122493,,,,,,,304311,218422,408082,3357641,2351989,4591725,21342061,15347699,28492554,1.18982680206,1.00776495136,1.352694555
2020-06-21,285,122778,,,,,,,316980,229411,423265,3517119,2475018,4795766,21659041,15577110,28915819,1.18394639099,0.998201587932,1.3530083933
2020-06-22,389,123167,,,,,,,329409,239369,437288,3681923,2602542,5004681,21988450,15816479,29353107,1.17725446525,0.989880369541,1.35308127505
2020-06-23,847,124014,,,,,,,341462,249702,451049,3851120,2734430,5217165,22329912,16066181,29804156,1.16986782719,0.98501202944,1.35296012906
2020-06-24,759,124773,,,,,,,353012,259444,464668,4023635,2869757,5432264,22682924,16325625,30268824,1.16192756967,0.979659860952,1.35271258297
2020-06-25,551,125324,,,,,,,363948,268735,478205,4198272,3007618,5649219,23046872,16594360,30747029,1.15358547308,0.974423652336,1.35294329246
2020-06-26,617,125941,,,,,,,374178,277695,489216,4373742,3147294,5864413,23421050,16872055,31236245,1.14495955526,0.969862479452,1.35124011404
2020-06-27,504,126445,,,,,,,383638,286280,499043,4548697,3288095,6076064,23804688,17158335,31735288,1.13617997061,0.967197530557,1.35148960733
2020-06-28,273,126718,,,,,,,392285,294333,508162,4721760,3429070,6282559,24196973,17452668,32243450,1.12734317982,0.961346208011,1.35036990285
2020-06-29,377,127095,,,,,,,400096,301489,516668,4891559,3569153,6483618,24597069,17754157,32760118,1.11853964656,0.957503852118,1.34874516455
2020-06-30,625,127720,,,,,,,407061,307899,524034,5056759,3707394,6676801,25004130,18062056,33284152,1.10983240003,0.954079521374,1.34693316888
2020-07-01,694,128414,,,,,,,413181,313041,530587,5216087,3841346,6860734,25417311,18375097,33814739,1.1012403534,0.949767026359,1.34434948048
2020-07-02,727,129141,,,,,,,418473,318028,536817,5368365,3970939,7035722,25835784,18693125,34351556,1.09276713506,0.947812133039,1.3401357048
2020-07-03,660,129801,,,,,,,422962,322789,542335,5512534,4095575,7200889,26258746,19015914,34893891,1.08438719368,0.943861241073,1.33356624932
2020-07-04,265,130066,,,,,,,426683,325933,545413,5647678,4213459,7353418,26685429,19341847,35439304,1.07608967345,0.942184669775,1.32482184606
2020-07-05,288,130354,,,,,,,429677,329053,549223,5773045,4324138,7494676,27115106,19670900,35988527,1.06787734065,0.940076355264,1.31329669617
2020-07-06,355,130709,,,,,,,431989,331631,551528,5888054,4426389,7623002,27547095,20002531,36540055,1.05977219867,0.935236265614,1.30195256963
2020-07-07,1222,131931,,,,,,,433659,332908,552795,5992305,4519933,7738525,27980754,20335439,37092850,1.05180891775,0.931061195566,1.29116595924
2020-07-08,863,132794,,,,,,,434728,334427,553872,6085570,4604648,7841309,28415482,20669866,37646722,1.04403221145,0.928394651946,1.28505355331
2020-07-09,1003,133797,,,,,,,435230,335595,554458,6167787,4680768,7931010,28850712,21005461,38201180,1.03649097163,0.926875643329,1.27786216904
2020-07-10,824,134621,,,,,,,435201,336173,554208,6239041,4748170,8006933,29285913,21341634,38755388,1.02923359121,0.924343559163,1.26912754119
2020-07-11,690,135311,,,,,,,434675,336522,553416,6299537,4806966,8071051,29720588,21678156,39308804,1.02231042487,0.922568931976,1.25570868178
2020-07-12,459,135770,,,,,,,433683,336967,551719,6349583,4857631,8123673,30154271,22015123,39860523,1.01576823259,0.920295451061,1.24960456587
2020-07-13,367,136137,,,,,,,432259,336158,549646,6389556,4899444,8165114,30586530,22351281,40410169,1.00964069077,0.918965404065,1.23556243119
2020-07-14,926,137063,,,,,,,430431,335430,546933,6419891,4933399,8195366,31016961,22686711,40957102,1.00394238897,0.916264289264,1.21764922779
2020-07-15,968,138031,,,,,,,428228,333992,543976,6441058,4959517,8215295,31445189,23020703,41501078,0.998671608241,0.914693926365,1.20151524711
2020-07-16,943,138974,,,,,,,425676,331753,541003,6453553,4978243,8225727,31870865,23352456,42042081,0.993818962592,0.912913593784,1.18778485534
2020-07-17,930,139904,,,,,,,422802,329156,537344,6457882,4989379,8226314,32293667,23681612,42579425,0.989374242375,0.91183693486,1.17363591871
2020-07-18,868,140772,,,,,,,419630,325862,533392,6454550,4992454,8217437,32713297,24007474,43112817,0.985327207709,0.908206366708,1.15731008135
2020-07-19,447,141219,,,,,,,416187,322529,529108,6444055,4989038,8201180,33129484,24330003,43641925,0.981664491545,0.905684666944,1.13937238486
2020-07-20,514,141733,,,,,,,412496,319542,524640,6426873,4979507,8176640,33541980,24649545,44166565,0.978367057607,0.903741045851,1.12818646237
2020-07-21,1107,142840,,,,,,,408580,316111,519928,6403464,4963957,8145088,33950560,24965656,44686493,0.975410167555,0.901534019565,1.10358596293
2020-07-22,1216,144056,,,,,,,404464,312650,515018,6374269,4943666,8107361,34355024,25278306,45201511,0.972764967007,0.900901315702,1.08030424874
2020-07-23,1094,145150,,,,,,,400169,308541,510261,6339711,4917730,8063803,34755193,25586847,45711772,0.970400335899,0.896104378114,1.06809454058
2020-07-24,1132,146282,,,,,,,395717,304774,505188,6300198,4886859,8014582,35150910,25891621,46216960,0.968284556863,0.895346378046,1.05643284555
2020-07-25,899,147181,,,,,,,391168,300786,500451,6256165,4851413,7960876,35542078,26192407,46717411,0.966386908567,0.894675697056,1.0503420684
2020-07-26,472,147653,,,,,,,386500,296630,495465,6207990,4811454,7902985,35928578,26489037,47212876,0.964679172991,0.894054213212,1.0474224431
2020-07-27,1120,148773,,,,,,,381731,292323,490492,6156038,4766745,7841824,36310309,26781360,47703368,0.963136788717,0.893455044793,1.04009357751
2020-07-28,1374,150147,,,,,,,376881,288093,485290,6100660,4718617,7777550,36687190,27069453,48188658,0.961739344671,0.892414615724,1.03680854596
2020-07-29,1432,151579,,,,,,,371970,283737,480003,6042199,4666867,7710709,37059160,27353190,48668661,0.960470295917,0.891965021575,1.03358124511
2020-07-30,1209,152788,,,,,,,367017,279229,474787,5980988,4612055,7641607,37426177,27632419,49143448,0.959316061196,0.891184293734,1.03192881169
2020-07-31,1243,154031,,,,,,,362031,274508,469417,5917344,4554768,7570110,37788208,27906927,49612865,0.958264876247,0.889657592121,1.02769763131
2020-08-01,1115,155146,,,,,,,357024,269506,463593,5851566,4495083,7496448,38145232,28176433,50076458,0.957305810767,0.889092317306,1.02672667007
2020-08-02,403,155549,,,,,,,352005,264757,457976,5783940,4433947,7421102,38497237,28441190,50534434,0.956428204751,0.888578652077,1.02526220209
2020-08-03,530,156079,,,,,,,346985,259808,452578,5714738,4371199,7344628,38844222,28700998,50987012,0.955621552814,0.887993757421,1.02464841623
2020-08-04,1378,157457,,,,,,,341973,254825,447098,5644215,4306462,7267128,39186195,28955823,51434110,0.954875696094,0.887423431223,1.02400560266
2020-08-05,1376,158833,,,,,,,336979,250222,441825,5572614,4240556,7189057,39523174,29206045,51875935,0.954181130422,0.886867131875,1.02338711008
2020-08-06,1253,160086,,,,,,,332007,245491,436642,5500156,4173384,7110699,39855181,29451536,52312577,0.953529281174,0.88632439376,1.02278268179
2020-08-07,1242,161328,,,,,,,327064,240775,431291,5427050,4105612,7031742,40182245,29692311,52743868,0.952912670342,0.88579480916,1.02217619162
2020-08-08,1077,162405,,,,,,,322154,236190,426452,5353488,4037028,6953017,40504399,29928501,53170320,0.952324964555,0.885285294892,1.02156740464
2020-08-09,511,162916,,,,,,,317538,231644,421528,5279858,3967887,6874100,40821937,30160145,53591848,0.951760928151,0.884913006248,1.02072021409
2020-08-10,527,163443,,,,,,,312954,227073,416997,5206312,3898335,6795643,41134891,30387218,54008845,0.951216316241,0.884485690173,1.02028041732
2020-08-11,1064,164507,,,,,,,308417,222720,412314,5132998,3828739,6717475,41443308,30609938,54421159,0.950687739463,0.88410002293,1.01982084671
2020-08-12,1505,166012,,,,,,,303940,218219,407720,5060057,3758870,6639914,41747248,30828157,54828879,0.950172523372,0.883725085227,1.01911959156
2020-08-13,1070,167082,,,,,,,299549,214101,403088,4987635,3689234,6563010,42046797,31042258,55231967,0.94966857651,0.883360287667,1.01845625495
2020-08-14,1338,168420,,,,,,,295270,210088,398552,4915888,3620090,6486777,42342067,31252346,55630519,0.949174274166,0.883005141014,1.01780393756
2020-08-15,1034,169454,,,,,,,291082,206168,394491,4844939,3551745,6411853,42633149,31458514,56025010,0.94868836018,0.882659232616,1.01727842803
2020-08-16,571,170025,,,,,,,286971,202195,391082,4774886,3484427,6339342,42920120,31660709,56416092,0.948209866368,0.882267505931,1.01673441087
2020-08-17,446,170471,,,,,,,282936,198310,387304,4705817,3417974,6268665,43203056,31859019,56803396,0.947738047786,0.881789258861,1.01621420191
2020-08-18,1325,171796,,,,,,,278978,194569,383446,4637810,3352727,6199532,43482034,32053588,57186842,0.947272331498,0.881120923965,1.01550458544
2020-08-19,1353,173149,,,,,,,275103,190665,379747,4570940,3288561,6132182,43757137,32244253,57566589,0.946812276498,0.880690796957,1.01480521206
2020-08-20,1079,174228,,,,,,,271312,186905,375839,4505274,3225239,6066205,44028449,32431158,57942428,0.946357542609,0.880278940132,1.01410340899
2020-08-21,1105,175333,,,,,,,267600,183299,372419,4440866,3163041,6001992,44296049,32614457,58314847,0.945907866493,0.879882570993,1.01340559806
2020-08-22,982,176315,,,,,,,263964,179735,369330,4377766,3101996,5940045,44560013,32794192,58684177,0.945463043252,0.879481500376,1.01273907465
2020-08-23,450,176765,,,,,,,260402,176269,366201,4316015,3042071,5879808,44820415,32970461,59050378,0.94502291234,0.878982286853,1.01207051432
2020-08-24,442,177207,,,,,,,257071,173123,363141,4255547,2983546,5821429,45077486,33143584,59413519,0.945557680177,0.879914833472,1.01253463586
2020-08-25,1239,178446,,,,,,,253812,169830,360362,4196406,2926300,5764799,45331298,33313414,59773881,0.946099757034,0.882007846855,1.01384261429
2020-08-26,1225,179671,,,,,,,250633,166785,357896,4138622,2870363,5710383,45581931,33480199,60131777,0.946648640447,0.882460858526,1.01425737904
2020-08-27,1111,180782,,,,,,,247539,163568,354826,4082221,2815711,5657486,45829470,33643767,60486603,0.947204280543,0.883352095523,1.01601825496
2020-08-28,971,181753,,,,,,,244543,160427,351753,4027215,2762038,5606136,46074013,33804194,60838356,0.947766617279,0.883033260193,1.01690917026
2020-08-29,958,182711,,,,,,,241662,157312,348986,3973607,2709262,5556547,46315675,33961506,61187342,0.948335577156,0.882652017774,1.01868717217
2020-08-30,310,183021,,,,,,,238881,154413,346859,3921406,2657509,5508888,46554556,34115919,61534201,0.94891104818,0.881976081877,1.02029158696
2020-08-31,573,183594,,,,,,,236192,151583,344790,3870627,2606898,5462571,46790748,34267502,61878991,0.949492875402,0.88205822525,1.021794507
2020-09-01,1067,184661,,,,,,,233592,148873,342490,3821283,2557463,5417734,47024340,34416375,62221481,0.950080941144,0.881831077957,1.02334311969
2020-09-02,1056,185717,,,,,,,231083,146495,341204,3773388,2509389,5375471,47255423,34562870,62562685,0.950675156017,0.881067484021,1.02533783713
2020-09-03,1070,186787,,,,,,,228668,144129,340320,3726953,2462856,5336022,47484091,34706999,62903005,0.951275431347,0.880745188193,1.02766587695
2020-09-04,965,187752,,,,,,,226346,141679,338849,3681986,2417630,5299027,47710437,34848678,63241854,0.951881676708,0.880290885652,1.02981295001
2020-09-05,783,188535,,,,,,,224114,139378,338249,3638501,2373710,5264850,47934551,34988056,63580103,0.952493784616,0.879276769228,1.03204647736
2020-09-06,403,188938,,,,,,,221971,136928,337599,3596509,2330902,5233110,48156522,35124984,63917702,0.95311164738,0.878353947621,1.03476798627
2020-09-07,267,189205,,,,,,,219916,134607,337020,3556022,2289238,5203916,48376438,35259591,64254722,0.953735163175,0.877072385292,1.03756937706
2020-09-08,445,189650,,,,,,,217947,132525,336009,3516899,2248636,5176768,48594385,35392116,64590731,0.954364233244,0.875515483621,1.03912483908
2020-09-09,1206,190856,,,,,,,216067,130550,334752,3479153,2209352,5151139,48810452,35522666,64925483,0.954998758086,0.874404984899,1.04109318468
2020-09-10,907,191763,,,,,,,214274,128486,333972,3442794,2171049,5127194,49024726,35651152,65259455,0.955638633168,0.873086103119,1.04385948511
2020-09-11,1213,192976,,,,,,,212566,126446,333648,3407821,2133924,5105994,49237292,35777598,65593103,0.956283750252,0.871919761355,1.04573287126
2020-09-12,714,193690,,,,,,,210944,124466,333377,3374223,2097960,5087593,49448236,35902064,65926480,0.956934000032,0.870804674877,1.04790711244
2020-09-13,378,194068,,,,,,,209407,122579,333077,3341968,2063226,5071660,49657643,36024643,66259557,0.957589272481,0.869548302476,1.05018201199
2020-09-14,422,194490,,,,,,,207956,120766,333177,3311043,2029577,5057960,49865599,36145409,66592734,0.958249456104,0.867978134707,1.05315088049
2020-09-15,1256,195746,,,,,,,206590,118981,333479,3281441,1996975,5046643,50072189,36264390,66926213,0.958914436476,0.867147342575,1.05666217354
2020-09-16,1014,196760,,,,,,,205309,117241,334037,3253158,1965343,5038192,50277498,36381631,67260250,0.959584095804,0.86639588054,1.0602292751
2020-09-17,870,197630,,,,,,,204113,115519,334584,3226188,1934368,5031575,50481611,36497150,67594834,0.960258313322,0.86468535417,1.06418899977
2020-09-18,,,729.592713404,503,1016,198359.592713,198133,198646,203003,114013,335285,3200523,1904253,5026547,50684614,36611163,67930119,0.960936965562,0.862670736153,1.06828308538
2020-09-19,,,716.66310594,490,1003,199076.255819,198624,199649,201978,112406,336495,3176155,1874980,5024215,50886592,36723569,68266614,0.961619926222,0.861733128096,1.0705472591
2020-09-20,,,704.045302329,479,991,199780.301122,199103,200639,201039,110787,337825,3153080,1846388,5023815,51087631,36834356,68604439,0.96230706569,0.860056026952,1.07439974317
2020-09-21,,,691.740921006,468,979,200472.042043,199572,201617,200187,109356,339422,3131296,1818815,5025667,51287818,36943712,68943861,0.962998250629,0.858464164861,1.07854603556
2020-09-22,,,679.75141331,457,968,201151.793456,200030,202585,199422,107871,341121,3110803,1792079,5029795,51487240,37051583,69284982,0.963693343817,0.856386535205,1.08214510197
2020-09-23,,,668.077839375,446,956,201819.871295,200476,203540,198745,106430,343886,3091601,1765984,5037685,51685985,37158013,69628868,0.964392204072,0.854537887566,1.0854931395
2020-09-24,,,656.807174444,436,944,202476.67847,200913,204484,198156,104932,346479,3073690,1740366,5049424,51884141,37262945,69975347,0.965094686109,0.852685401912,1.08892060239
2020-09-25,,,645.915484291,426,933,203122.593954,201339,205416,197657,103644,348783,3057073,1715522,5064245,52081798,37366589,70324130,0.965800640275,0.851051073075,1.09198121532
2020-09-26,,,635.383409761,416,923,203757.977364,201756,206338,197248,102259,351284,3041755,1691333,5081885,52279046,37468848,70675414,0.966509912226,0.849068871132,1.09522560538
2020-09-27,,,625.195093002,406,912,204383.172457,202163,207250,196930,101033,354658,3027742,1667900,5103162,52475976,37569881,71030072,0.967222342653,0.847326143818,1.09880550755
2020-09-28,,,615.337223221,397,901,204998.50968,202560,208150,196706,99839,357827,3015040,1645159,5127904,52672682,37669720,71387899,0.967937767029,0.845511960409,1.10234771162
2020-09-29,,,605.798145554,388,893,205604.307826,202949,209042,196575,98506,361172,3003658,1622900,5155890,52869257,37768226,71749071,0.96865601536,0.843705313699,1.10569997874
2020-09-30,,,596.567666085,379,885,206200.875492,203329,209927,196539,97215,364700,2993608,1601134,5187099,53065796,37865441,72113771,0.96937691189,0.841906095867,1.10904781224
2020-10-01,,,587.63699613,371,878,206788.512488,203701,210804,196601,96010,368826,2984901,1579905,5221873,53262397,37961451,72482597,0.970108607918,0.840114199332,1.11239034647
2020-10-02,,,581.584147688,365,875,207370.096636,204067,211678,196762,94813,372665,2977550,1559202,5259940,53459159,38056264,72855262,0.970846227027,0.838403550676,1.11572666992
2020-10-03,,,575.764480018,359,872,207945.861116,204427,212550,197024,93686,377109,2971571,1538880,5301752,53656183,38149950,73232371,0.971586108704,0.836621652166,1.11905582247
2020-10-04,,,570.17691665,354,870,208516.038032,204781,213420,197388,92717,382101,2966980,1519192,5347352,53853571,38242667,73614472,0.972332666514,0.834858724887,1.12237679247
2020-10-05,,,564.820319641,347,868,209080.858352,205129,214287,197856,91712,387901,2963797,1500119,5397429,54051427,38334379,74002373,0.973085049934,0.833117361452,1.12568851363
2020-10-06,,,559.693584136,341,866,209640.551936,205471,215153,198432,90686,393436,2962041,1481449,5451442,54249859,38425065,74395809,0.973841064645,0.83135350755,1.12898986175
2020-10-07,,,554.795708123,336,864,210195.347644,205807,216015,199116,89773,399953,2961735,1463350,5510277,54448975,38514838,74795762,0.974598235293,0.829622461694,1.13227965114
2020-10-08,,,550.125827709,331,862,210745.473472,206138,216876,199913,88818,407192,2962903,1445736,5573580,54648888,38603656,75202954,0.975357068737,0.827876472421,1.13555663097
2020-10-09,,,545.683366377,325,861,211291.156838,206465,217736,200824,87789,413951,2965571,1428591,5641052,54849712,38691445,75616905,0.976126237977,0.826493899251,1.13890316951
2020-10-10,,,541.467770869,321,859,211832.624609,206786,218594,201852,87042,422037,2969766,1411986,5714302,55051564,38778487,76038942,0.976905619227,0.825685227811,1.14229938587
2020-10-11,,,537.478539242,316,858,212370.103148,207103,219450,203000,86237,430483,2975518,1395962,5793496,55254564,38864724,76469425,0.977688307419,0.82519638497,1.14567067006
2020-10-12,,,533.715255569,311,857,212903.818404,207415,220306,204271,85508,439567,2982859,1380434,5878397,55458835,38950232,76908992,0.978472196987,0.825099048643,1.14901906933
2020-10-13,,,530.177698706,306,858,213433.996103,207722,221163,205670,84749,449324,2991823,1365340,5969884,55664505,39034981,77358316,0.979259130603,0.825005336545,1.15234258508
2020-10-14,,,526.865927386,302,858,213960.86203,208024,222020,207198,84041,458230,3002447,1350872,6066937,55871703,39119022,77816546,0.980048963846,0.824018826596,1.15563910415
2020-10-15,,,523.78016998,298,860,214484.6422,208323,222879,208860,83346,467907,3014767,1337002,6170132,56080563,39202368,78284453,0.980859574094,0.823201654807,1.15890639194
2020-10-16,,,520.920818094,294,862,215005.563018,208617,223740,210660,82669,478919,3028826,1323660,6280201,56291223,39285037,78763372,0.981675683279,0.822748308868,1.16214208494
2020-10-17,,,518.288447016,289,864,215523.851465,208907,224602,212600,81995,489752,3044664,1310842,6397266,56503823,39367032,79253124,0.982492334271,0.822419099585,1.16503556641
2020-10-18,,,515.883849987,286,868,216039.735315,209194,225468,214685,81320,500704,3062326,1298475,6520841,56718508,39448352,79753828,0.983308890874,0.822268115265,1.16730048173
2020-10-19,,,513.708952328,282,872,216553.444267,209476,226339,216918,80617,511497,3081857,1286376,6650220,56935426,39528969,80265325,0.984127615448,0.822525247666,1.16994892688
2020-10-20,,,511.765326596,278,876,217065.209594,209755,227213,219303,79957,523244,3103303,1274622,6785552,57154729,39608926,80788569,0.98495049379,0.821734681354,1.17208957268
2020-10-21,,,510.054332299,275,882,217575.263926,210030,228094,221844,79362,536049,3126716,1263300,6928153,57376573,39688288,81324618,0.985776060475,0.820497084816,1.17534584591
2020-10-22,,,508.577616381,271,889,218083.841543,210302,228981,224546,78810,550125,3152145,1252339,7078328,57601119,39767098,81874743,0.986617826114,0.820467420415,1.17788261994
2020-10-23,,,507.337126257,268,894,218591.178669,210571,229873,227410,78383,564661,3179643,1241906,7235812,57828529,39845481,82439404,0.987459657595,0.819980316214,1.18108150105
2020-10-24,,,506.331283364,264,900,219097.509952,210836,230772,230441,78032,579607,3209260,1232153,7401492,58058970,39923513,83019011,0.988299200641,0.819495941995,1.18420355778
2020-10-25,,,505.563097503,261,909,219603.07305,211098,231679,233643,77625,595471,3241052,1222740,7574950,58292613,40001138,83614482,0.98913678079,0.818756546876,1.18728123554
2020-10-26,,,505.035867996,258,917,220108.108918,211356,232594,237021,77105,612159,3275073,1213612,7756641,58529634,40078243,84226641,0.989973459062,0.817749459237,1.19074888198
2020-10-27,,,504.753190263,255,926,220612.862108,211612,233518,240579,76758,628816,3311381,1204866,7945896,58770213,40155001,84855457,0.990803944958,0.817484989878,1.19449711934
2020-10-28,,,504.71897562,252,936,221117.581084,211865,234451,244315,76338,645855,3350027,1196458,8142429,59014528,40231339,85501312,0.991630317906,0.816995101926,1.19757364027
2020-10-29,,,504.937503401,249,945,221622.518587,212115,235394,248238,76064,663577,3391066,1188484,8347777,59262766,40307403,86164889,0.992455295727,0.816710979887,1.20063445602
2020-10-30,,,505.413406981,246,955,222127.931994,212362,236346,252348,75760,681661,3434554,1180898,8561515,59515114,40383163,86846550,0.993278141912,0.816462159048,1.20337538325
2020-10-31,,,506.151671134,243,967,222634.083665,212606,237310,256653,75536,701276,3480547,1173766,8783836,59771767,40458699,87547826,0.994092257489,0.816334842544,1.20568955889
2020-11-01,,,507.157629719,240,980,223141.241295,212847,238286,261150,75282,721441,3529096,1167052,9015492,60032917,40533981,88269267,0.99489957838,0.81626983469,1.20723528687
