date,actual_deaths,total_deaths,predicted_deaths_mean,predicted_deaths_lower,predicted_deaths_upper,predicted_total_deaths_mean,predicted_total_deaths_lower,predicted_total_deaths_upper,predicted_new_infected_mean,predicted_new_infected_lower,predicted_new_infected_upper,predicted_current_infected_mean,predicted_current_infected_lower,predicted_current_infected_upper,predicted_total_infected_mean,predicted_total_infected_lower,predicted_total_infected_upper,r_values_mean,r_values_lower,r_values_upper
2020-02-05,0,0,,,,,,,125,65,178,125,65,178,125,65,178,2.26281222252,2.1,2.4
2020-02-06,0,0,,,,,,,125,65,178,251,130,356,250,130,356,2.26280282404,2.09999091136,2.39999969286
2020-02-07,0,0,,,,,,,125,65,178,376,194,534,375,195,534,2.26279964296,2.09998791813,2.39999951538
2020-02-08,0,0,,,,,,,125,65,178,501,260,712,500,260,712,2.26279537262,2.09998393862,2.39999927991
2020-02-09,0,0,,,,,,,287,163,404,788,438,1103,787,423,1116,2.26278963502,2.09997864768,2.39999890236
2020-02-10,0,0,,,,,,,287,163,404,1076,607,1503,1074,586,1520,2.26278191897,2.0999716129,2.3999983256
2020-02-11,0,0,,,,,,,287,163,404,1363,774,1904,1361,749,1924,2.26277153235,2.09996225928,2.3999974338
2020-02-12,0,0,,,,,,,287,163,404,1650,939,2306,1648,912,2328,2.26275753691,2.09994982208,2.39999610707
2020-02-13,0,0,,,,,,,467,280,650,2117,1239,2936,2115,1192,2978,2.26273865915,2.09993328431,2.39999415268
2020-02-14,0,0,,,,,,,674,411,937,2791,1656,3867,2789,1603,3915,2.26268331337,2.0998801059,2.39996709
2020-02-15,0,0,,,,,,,1216,752,1630,4007,2464,5460,4005,2355,5545,2.26264512224,2.09984691362,2.39995974817
2020-02-16,0,0,,,,,,,2410,1477,3099,6417,4070,8496,6415,3832,8644,2.26258631219,2.09979462239,2.39994309919
2020-02-17,0,0,,,,,,,3898,2537,4931,10314,6741,13340,10313,6369,13575,2.26251098326,2.09972941452,2.39992333719
2020-02-18,0,0,,,,,,,4313,2853,5468,14628,9636,18782,14626,9222,19043,2.26241219072,2.09964541979,2.39989806063
2020-02-19,0,0,,,,,,,5070,3414,6416,19698,13114,25155,19696,12636,25459,2.26228078623,2.09953575839,2.39986414492
2020-02-20,0,0,,,,,,,5209,3521,6606,24782,16582,31575,24905,16157,32065,2.26210352237,2.09939060037,2.39981640872
2020-02-21,0,0,,,,,,,5739,3941,7270,30396,20482,38647,30644,20098,39335,2.26186275718,2.09919722742,2.39974783546
2020-02-22,0,0,,,,,,,6827,4760,8655,37097,25224,47086,37471,24858,47990,2.26153835109,2.09894418545,2.39965124325
2020-02-23,0,0,,,,,,,8168,5776,10335,45141,31030,57169,45639,30634,58325,2.26110126101,2.09861179637,2.39951005486
2020-02-24,0,0,,,,,,,10380,7314,13216,55233,38262,69922,56019,37948,71541,2.26050986201,2.09817388535,2.39931817408
2020-02-25,0,0,,,,,,,16260,10910,20680,71206,49185,90081,72279,48858,92221,2.25970688486,2.09759571117,2.39903915092
2020-02-26,0,0,,,,,,,19657,13417,25028,90576,62484,114667,91936,62275,117249,2.25861339772,2.09683100754,2.39861477249
2020-02-27,0,0,,,,,,,21441,14524,27490,111729,76858,141739,113377,76799,144739,2.25712244835,2.09575740273,2.39801815419
2020-02-28,0,0,,,,,,,26078,17477,33793,137341,94052,174872,139455,94276,178532,2.25508681972,2.09423286041,2.39714899969
2020-02-29,1,1,,,,,,,31893,20831,41972,168559,114480,215865,171348,115107,220504,2.25230331991,2.09214910897,2.39587462174
2020-03-01,0,1,,,,,,,41423,26482,55164,208766,140271,269290,212771,141589,275668,2.24849283672,2.08961337869,2.39400144261
2020-03-02,5,6,,,,,,,51536,32599,69232,257892,171500,335284,264307,174188,344900,2.24327411385,2.08595439304,2.39124220242
2020-03-03,1,7,,,,,,,63959,40296,86576,317953,209352,416786,328266,214484,431476,2.23613052437,2.08126368141,2.38717420324
2020-03-04,4,11,,,,,,,78495,48810,107216,392134,255407,518363,406761,263294,538692,2.22636864408,2.07431113356,2.3811781001
2020-03-05,1,12,,,,,,,98184,60502,134768,485248,312597,646529,504945,323796,673460,2.21307154292,2.06585738611,2.37241297786
2020-03-06,2,14,,,,,,,120359,73363,166121,600398,382549,805851,625304,397159,839581,2.19505476064,2.05221612481,2.35964239551
2020-03-07,3,17,,,,,,,145461,88865,201560,740120,467561,999982,770765,486024,1041141,2.17084092197,2.03112195615,2.34180508594
2020-03-08,4,21,,,,,,,172942,106993,238367,906235,569780,1229602,943707,593017,1279508,2.13868248855,2.00139590945,2.31495231433
2020-03-09,1,22,,,,,,,202071,128431,274227,1100138,692292,1493518,1145778,721448,1553735,2.09667667793,1.94444115696,2.27818182469
2020-03-10,6,28,,,,,,,231786,153596,310706,1321545,838309,1791145,1377564,875044,1864441,2.04302187451,1.86873337851,2.24762336437
2020-03-11,5,33,,,,,,,258330,176353,345358,1563615,1003701,2115764,1635894,1051397,2209799,1.97643629913,1.78392449212,2.20990506625
2020-03-12,10,43,,,,,,,280081,193605,372714,1824039,1183746,2463466,1915975,1245002,2582513,1.89667515886,1.6888434312,2.15497506595
2020-03-13,8,51,,,,,,,296829,206511,392523,2099427,1375620,2828465,2212804,1451513,2975036,1.80496522985,1.57110729168,2.10285187355
2020-03-14,7,58,,,,,,,308338,214472,403819,2381687,1572552,3198430,2521142,1665985,3378855,1.70412481951,1.45409447029,2.04385765421
2020-03-15,12,70,,,,,,,315953,220980,413996,2665748,1772785,3570301,2837095,1886965,3792851,1.59824886654,1.32883021025,1.97751149206
2020-03-16,27,97,,,,,,,320133,226766,423928,2944458,1973332,3938897,3157228,2113731,4216779,1.49205543366,1.21851873737,1.89178529093
2020-03-17,35,132,,,,,,,321787,231275,428667,3214709,2172427,4298124,3479015,2345006,4645446,1.39013284103,1.12429327886,1.7845855959
2020-03-18,59,191,,,,,,,321784,234396,428868,3472534,2367177,4640154,3800799,2579402,5074314,1.29631142103,1.05202870031,1.66693272854
2020-03-19,73,264,,,,,,,320652,237289,426064,3714691,2556554,4958586,4121451,2816691,5500378,1.21327506448,0.999841900406,1.54468419466
2020-03-20,99,363,,,,,,,318866,239556,423723,3935373,2736785,5246938,4440317,3056247,5924101,1.14242497748,0.963943798428,1.43372049467
2020-03-21,99,462,,,,,,,316545,241013,420904,4131560,2905836,5501057,4756862,3297260,6345005,1.08395822068,0.938110550346,1.33591805707
2020-03-22,110,572,,,,,,,313791,241593,416481,4299890,3060115,5715264,5070653,3538853,6761486,1.03710873075,0.921279429128,1.25161319841
2020-03-23,189,761,,,,,,,310743,241873,410666,4437690,3196649,5886817,5381396,3780726,7172152,1.00048267322,0.899273496288,1.17505243911
2020-03-24,239,1000,,,,,,,307446,241555,402731,4543064,3311490,6014447,5688842,4022281,7574883,0.972402388911,0.881115253125,1.10987466749
2020-03-25,324,1324,,,,,,,303939,240709,394967,4615217,3400252,6097631,5992781,4262990,7969850,0.951182695453,0.868658541336,1.05857949086
2020-03-26,408,1732,,,,,,,300218,238570,388434,4657105,3463943,6139783,6292999,4501560,8358284,0.935304197826,0.859530663596,1.02127635056
2020-03-27,518,2250,,,,,,,296266,234572,381088,4673290,3505564,6147273,6589265,4736132,8739372,0.923491147366,0.853573724088,0.993955796848
2020-03-28,633,2883,,,,,,,292091,230395,373606,4668551,3529328,6127542,6881356,4966527,9112978,0.914723063223,0.849233757776,0.978272822613
2020-03-29,586,3469,,,,,,,287727,226048,366429,4647941,3540069,6089427,7169083,5192575,9479407,0.9082103829,0.845697359656,0.96721953735
2020-03-30,692,4161,,,,,,,283125,221875,359190,4615113,3539540,6034234,7452208,5414450,9838597,0.903356009048,0.843306926979,0.959256305837
2020-03-31,1085,5246,,,,,,,278334,217337,351700,4573313,3528307,5962133,7730542,5631787,10190297,0.899715377419,0.841937967534,0.95404676802
2020-04-01,1172,6418,,,,,,,273367,212963,344332,4524893,3508030,5878325,8003909,5844750,10534629,0.896960948557,0.840897419541,0.950430440266
2020-04-02,1503,7921,,,,,,,268250,208416,337114,4471359,3480228,5787453,8272159,6053166,10871743,0.894853065238,0.839671851228,0.947786917554
2020-04-03,1392,9313,,,,,,,263008,203880,330536,4413715,3445183,5692905,8535167,6257046,11202279,0.893217136255,0.83863107859,0.945566147842
2020-04-04,1523,10836,,,,,,,257665,199536,323721,4352513,3403782,5593945,8792832,6456582,11526000,0.891926293914,0.837964934404,0.943844905207
2020-04-05,1590,12426,,,,,,,252253,195262,317452,4288221,3357033,5491697,9045085,6651844,11843452,0.890888462172,0.837317811787,0.94241005213
2020-04-06,1770,14196,,,,,,,246805,190816,310857,4221236,3305617,5387347,9291890,6842660,12154309,0.890036833719,0.836520692474,0.941266608706
2020-04-07,2571,16767,,,,,,,241354,186502,304117,4151847,3249894,5281989,9533244,7029162,12458426,0.889322914147,0.83588058359,0.940399187811
2020-04-08,2146,18913,,,,,,,235929,182048,297476,4080331,3190182,5177691,9769173,7211210,12755902,0.888711467387,0.835416337781,0.939779829507
2020-04-09,2228,21141,,,,,,,230558,177843,290892,4006949,3127175,5074329,9999731,7389053,13046794,0.888176854329,0.834901428937,0.939231305912
2020-04-10,2218,23359,,,,,,,225263,173720,284450,3931994,3062166,4970918,10224994,7562773,13331244,0.887700385322,0.834495239938,0.938675315951
2020-04-11,2119,25478,,,,,,,220060,169392,277987,3855788,2996852,4868227,10445054,7732165,13609231,0.887265438108,0.834162541285,0.938233138712
2020-04-12,1816,27294,,,,,,,214963,165364,271776,3778660,2931725,4766652,10660017,7897529,13881007,0.886866220511,0.833776955745,0.937833670044
2020-04-13,1946,29240,,,,,,,209981,161393,265901,3700914,2867017,4666264,10869998,8058922,14146908,0.886495495734,0.833412990876,0.937489272333
2020-04-14,2455,31695,,,,,,,205117,157369,260133,3622906,2802489,4567277,11075115,8216291,14407041,0.886145312317,0.83308652156,0.937170161316
2020-04-15,2609,34304,,,,,,,200374,153411,254541,3544946,2738569,4470127,11275489,8369702,14661582,0.885821176473,0.832801670772,0.936859446349
2020-04-16,2176,36480,,,,,,,195753,149590,249220,3467332,2675224,4374996,11471242,8519292,14910802,0.885511232028,0.832471516687,0.93655976599
2020-04-17,2093,38573,,,,,,,191250,145933,244114,3390333,2612775,4281975,11662492,8665225,15154916,0.88521827667,0.832215011242,0.936255140897
2020-04-18,1960,40533,,,,,,,186866,142324,239075,3314191,2551263,4190493,11849358,8807549,15393991,0.884939362619,0.831995782234,0.935961079596
2020-04-19,1931,42464,,,,,,,182595,138797,234317,3239121,2490566,4101092,12031953,8946346,15628308,0.884675834418,0.83177245271,0.93565959137
2020-04-20,2186,44650,,,,,,,178435,135222,229586,3165303,2430539,4013249,12210388,9081568,15857894,0.884426794453,0.831529270287,0.93539742945
2020-04-21,2548,47198,,,,,,,174383,131804,224985,3092880,2371528,3927424,12384771,9213372,16082879,0.884192966443,0.831328364374,0.935175379154
2020-04-22,2434,49632,,,,,,,170436,128550,220574,3021963,2313546,3843978,12555207,9341922,16303453,0.883976174065,0.831151088679,0.934913770254
2020-04-23,2466,52098,,,,,,,166592,125341,216338,2952626,2256808,3762962,12721799,9467263,16519791,0.883779710123,0.830943268302,0.934651229857
2020-04-24,2154,54252,,,,,,,162849,121977,212166,2884916,2200901,3684373,12884648,9589240,16731957,0.883608017075,0.830786154444,0.934422773175
2020-04-25,1698,55950,,,,,,,159205,118777,208181,2818859,2145913,3608242,13043853,9708017,16940138,0.883467093636,0.830589891607,0.934204298039
2020-04-26,1329,57279,,,,,,,155659,115636,204356,2754457,2092119,3534731,13199512,9823653,17144494,0.883365568287,0.830456389968,0.933973668255
2020-04-27,1466,58745,,,,,,,152209,112618,200552,2691703,2039337,3463605,13351721,9936271,17345046,0.883314671799,0.830357625159,0.933744486583
2020-04-28,2241,60986,,,,,,,148854,109539,196810,2630577,1987448,3394592,13500575,10045810,17541856,0.883329744045,0.830372022597,0.933655355772
2020-04-29,2521,63507,,,,,,,145596,106645,193291,2571056,1936691,3327811,13646171,10152455,17735147,0.883431278514,0.830316867316,0.933517007586
2020-04-30,2322,65829,,,,,,,142433,103754,189801,2513114,1887000,3263114,13788604,10256209,17924948,0.883646386732,0.830295762371,0.933504579371
2020-05-01,1891,67720,,,,,,,139367,101049,186489,2456729,1838435,3200413,13927971,10357258,18111437,0.884010627852,0.830260660447,0.933352945643
2020-05-02,1692,69412,,,,,,,136399,98409,183348,2401877,1790884,3139661,14064370,10455667,18294785,0.884569990051,0.830397173523,0.933455844251
2020-05-03,1120,70532,,,,,,,133529,95835,180279,2348540,1744372,3080870,14197899,10551502,18475064,0.88538279828,0.830447687344,0.933630426809
2020-05-04,1333,71865,,,,,,,130764,93304,177277,2296710,1698853,3023825,14328663,10644806,18652341,0.886521061437,0.830578948651,0.934071492779
2020-05-05,2318,74183,,,,,,,128107,90879,174505,2246382,1654482,2968735,14456770,10735685,18826846,0.888070364624,0.831038133065,0.935273597511
2020-05-06,2364,76547,,,,,,,125561,88508,171705,2197560,1611161,2915442,14582331,10824193,18998551,0.890127056187,0.831272102648,0.939913925723
2020-05-07,1934,78481,,,,,,,123133,86341,169060,2150256,1568927,2863916,14705464,10910534,19167611,0.892791380388,0.831744030388,0.953265818715
2020-05-08,1747,80228,,,,,,,120831,84176,166614,2104495,1527742,2814179,14826295,10994710,19334225,0.896155999845,0.832015174842,0.969585011231
2020-05-09,1488,81716,,,,,,,118663,82192,164349,2060310,1487942,2766350,14944958,11076902,19498574,0.900291682865,0.83221884865,0.990338218727
2020-05-10,893,82609,,,,,,,116642,80400,162174,2017747,1449554,2720330,15061600,11157302,19660748,0.905235501678,0.832663082918,1.01647168416
2020-05-11,1014,83623,,,,,,,114778,78765,160139,1976866,1412676,2676102,15176378,11236067,19820887,0.910989039403,0.832917689693,1.04926774391
2020-05-12,1627,85250,,,,,,,113085,77212,158350,1937743,1377264,2633892,15289463,11313279,19979237,0.917530607424,0.833965691246,1.07922792508
2020-05-13,1764,87014,,,,,,,111579,75834,156699,1900467,1343559,2593775,15401042,11389113,20135936,0.924835960169,0.834699790264,1.107987045
2020-05-14,1783,88797,,,,,,,110275,74610,155333,1865146,1311527,2555812,15511317,11463723,20291269,0.93289452899,0.836195986502,1.13381150613
2020-05-15,1681,90478,,,,,,,109187,73575,154219,1831901,1281351,2520222,15620504,11537298,20445488,0.941712122377,0.838195265144,1.15486539159
2020-05-16,1216,91694,,,,,,,108332,72723,153405,1800866,1253032,2487131,15728836,11610021,20598893,0.951303151601,0.840870208866,1.17140112226
2020-05-17,758,92452,,,,,,,107722,72026,152772,1772190,1226657,2456545,15836558,11682047,20751665,0.961681215938,0.844420237234,1.18347781552
2020-05-18,1172,93624,,,,,,,107372,71459,152755,1746033,1202294,2429001,15943930,11753506,20904420,0.97284942268,0.849276376747,1.19569981722
2020-05-19,1552,95176,,,,,,,107294,71134,153011,1722562,1180143,2404709,16051224,11824640,21057431,0.984782478255,0.855859144924,1.22778322347
2020-05-20,1526,96702,,,,,,,107499,71016,153553,1701954,1160305,2383724,16158723,11895656,21210984,0.997397893634,0.864738249624,1.23741135822
2020-05-21,1217,97919,,,,,,,107997,71185,154362,1684390,1143015,2366343,16266720,11966841,21365346,1.01053122333,0.875331325465,1.25255149441
2020-05-22,1244,99163,,,,,,,108797,71645,155575,1670054,1128362,2352818,16375517,12038486,21520921,1.02393961353,0.875713584112,1.25721812223
2020-05-23,1109,100272,,,,,,,109911,72376,157070,1659134,1116608,2343233,16485428,12110862,21677991,1.03734422114,0.875869869761,1.26725824698
2020-05-24,622,100894,,,,,,,111347,73391,158767,1651817,1107855,2337611,16596775,12184253,21836758,1.05049478448,0.87603485335,1.27871281585
2020-05-25,548,101442,,,,,,,113114,74566,161032,1648289,1102073,2336426,16709889,12258819,21997790,1.06322271298,0.876748062573,1.28729823606
2020-05-26,662,102104,,,,,,,115231,76081,163660,1648742,1099444,2339904,16825120,12334900,22161450,1.07545652989,0.878428148148,1.29750207381
2020-05-27,1518,103622,,,,,,,117709,77928,166571,1653366,1100215,2348082,16942829,12412828,22328021,1.08719899724,0.879603445939,1.30833166006
2020-05-28,1178,104800,,,,,,,120555,80121,170209,1662342,1104558,2361549,17063384,12492949,22498230,1.09848493989,0.881604367914,1.31287165998
2020-05-29,1160,105960,,,,,,,123782,82683,174273,1675850,1112683,2380442,17187166,12575632,22672503,1.10935226142,0.883550519787,1.31939372643
2020-05-30,963,106923,,,,,,,127406,85407,178620,1694068,1124562,2404798,17314572,12661039,22851123,1.11985860175,0.886784296602,1.31836504752
2020-05-31,581,107504,,,,,,,131444,88552,183646,1717181,1140430,2434998,17446016,12749591,23034769,1.13004519526,0.891582515929,1.33407089477
2020-06-01,776,108280,,,,,,,135920,92094,189672,1745379,1160532,2471849,17581936,12841685,23224441,1.13994814617,0.89820900603,1.34105900035
2020-06-02,1068,109348,,,,,,,140849,95947,195596,1778855,1185059,2514641,17722785,12937632,23420037,1.1495419847,0.907700856846,1.34739317191
2020-06-03,1007,110355,,,,,,,146252,99934,202100,1817814,1213886,2563663,17869037,13037566,23622137,1.15874903064,0.920439737907,1.3519417862
2020-06-04,1023,111378,,,,,,,152151,104597,209621,1862466,1247489,2619648,18021188,13142163,23831758,1.1674302102,0.930212197382,1.35481635157
2020-06-05,914,112292,,,,,,,158565,109598,217891,1913034,1285920,2683092,18179753,13251761,24049649,1.1754594204,0.936912740519,1.35539550476
2020-06-06,659,112951,,,,,,,165512,114904,226245,1969748,1329196,2753693,18345265,13366665,24275894,1.18273996154,0.942258053186,1.35510220614
2020-06-07,438,113389,,,,,,,173013,120301,236144,2032850,1377130,2832669,18518278,13486966,24512038,1.18918036185,0.94999745697,1.35226978099
2020-06-08,519,113908,,,,,,,181082,126513,246820,2102586,1430249,2920617,18699360,13613479,24758858,1.1947461129,0.958852656411,1.35352935816
2020-06-09,950,114858,,,,,,,189733,133021,258076,2179205,1488698,3017562,18889093,13746500,25016934,1.19938683234,0.971761572611,1.35304617822
2020-06-10,901,115759,,,,,,,198968,139960,269296,2262942,1552578,3123134,19088061,13886460,25286230,1.2030952074,0.987133905642,1.35352864188
2020-06-11,871,116630,,,,,,,208788,147320,282291,2354021,1621979,3238828,19296849,14033780,25568521,1.20587859349,1.00995959987,1.35374073024
2020-06-12,828,117458,,,,,,,219181,155202,295712,2452646,1697065,3364319,19516030,14188982,25864233,1.20773571254,1.03796833509,1.35399864133
2020-06-13,759,118217,,,,,,,230125,163550,309293,2558989,1777933,3499333,19746155,14352532,26173526,1.20868439006,1.0572526084,1.35560496052
2020-06-14,308,118525,,,,,,,241587,172469,323914,2673170,1864992,3644639,19987742,14525001,26497440,1.20869873146,1.05379057212,1.35482987863
2020-06-15,394,118919,,,,,,,253515,181743,338265,2795241,1958169,3799314,20241257,14706744,26835705,1.20779564269,1.04858995204,1.35616364419
2020-06-16,838,119757,,,,,,,265848,191810,353534,2925169,2057856,3963251,20507105,14898554,27189239,1.20595212809,1.0393637812,1.35601852267
2020-06-17,744,120501,,,,,,,278502,201631,368714,3062822,2163536,4136486,20785607,15100185,27557953,1.20317034245,1.02700519008,1.35704240654
2020-06-18,718,121219,,,,,,,291385,211856,384249,3207955,2275449,4318710,21076992,15312041,27942202,1.19945465372,1.01221315194,1.35781616371
2020-06-19,670,121889,,,,,,,304385,221594,398501,3360189,2392446,4507649,21381377,15533635,28340703,1.1947926874,1.0064176533,1.35812932802
2020-06-20,604,122493,,,,,,,317382,232120,414210,3519006,2514975,4703983,21698759,15765755,28754913,1.18919880994,0.992817018869,1.35801288296
2020-06-21,285,122778,,,,,,,330245,242665,429899,3683739,2642736,4907632,22029004,16008420,29184812,1.18268441435,0.989178846504,1.35763656104
2020-06-22,389,123167,,,,,,,342840,253709,444364,3853567,2776127,5115782,22371844,16262129,29629176,1.17534784303,0.984584393596,1.35695789398
2020-06-23,847,124014,,,,,,,355039,264836,458676,4027523,2914420,5327534,22726883,16526965,30087852,1.16731565291,0.97750884281,1.35569156983
2020-06-24,759,124773,,,,,,,366720,274850,470408,4204510,3056223,5539794,23093603,16801815,30558260,1.15873454579,0.970805053351,1.35413420047
2020-06-25,551,125324,,,,,,,377779,284918,483403,4383321,3201173,5753866,23471382,17086733,31041663,1.14975889952,0.964329591955,1.35305571551
2020-06-26,617,125941,,,,,,,388131,294053,496077,4562664,3347929,5967675,23859513,17380786,31537740,1.14050875819,0.957104016817,1.3520572077
2020-06-27,504,126445,,,,,,,397709,302791,507896,4741192,3495541,6179895,24257222,17683577,32045636,1.1311125421,0.945788874546,1.35165406604
2020-06-28,273,126718,,,,,,,406467,311148,516881,4917534,3643196,6387551,24663689,17994725,32562517,1.12166711302,0.941235315389,1.35025891991
2020-06-29,377,127095,,,,,,,414381,317476,525482,5090328,3788268,6589241,25078070,18312201,33087999,1.11225709381,0.934924032541,1.34680583933
2020-06-30,625,127720,,,,,,,421441,323869,534057,5258253,3930455,6785166,25499511,18636070,33622056,1.10293791728,0.930630454361,1.34442939013
2020-07-01,694,128414,,,,,,,427655,329642,540422,5420060,4068342,6972187,25927166,18965712,34162478,1.09372296941,0.927128564959,1.34203163802
2020-07-02,727,129141,,,,,,,433044,335107,546883,5574602,4201866,7150456,26360210,19300819,34709361,1.08460730105,0.923323634446,1.33445039076
2020-07-03,660,129801,,,,,,,437637,339191,551317,5720855,4329221,7317562,26797847,19640010,35260678,1.07556474661,0.920736715154,1.32473839187
2020-07-04,265,130066,,,,,,,441470,343177,554862,5857940,4450798,7473919,27239317,19983187,35815540,1.06659093523,0.917298191879,1.31579886631
2020-07-05,288,130354,,,,,,,444582,346823,558959,5985139,4565460,7618622,27683899,20330010,36374499,1.05771129202,0.912721797565,1.30979147628
2020-07-06,355,130709,,,,,,,447016,348800,561852,6101910,4671531,7750501,28130915,20678810,36936351,1.04898408826,0.9085216303,1.30102339099
2020-07-07,1222,131931,,,,,,,448815,350225,563621,6207884,4767966,7869680,28579730,21029035,37499972,1.04048615016,0.907022809949,1.28912269636
2020-07-08,863,132794,,,,,,,450022,351545,564950,6302867,4854619,7975884,29029752,21380580,38064922,1.0322996091,0.904732170695,1.27961149749
2020-07-09,1003,133797,,,,,,,450678,352292,565795,6386826,4932036,8071209,29480430,21732872,38630717,1.02449662223,0.902428468406,1.27241132279
2020-07-10,824,134621,,,,,,,450822,352636,565912,6459869,4999767,8153679,29931252,22085508,39196629,1.01713285294,0.900101562007,1.26259343644
2020-07-11,690,135311,,,,,,,450489,352938,565820,6522228,5058668,8223404,30381741,22438446,39762449,1.0102514071,0.89877494546,1.25178065502
2020-07-12,459,135770,,,,,,,449712,352220,565293,6574231,5108116,8280809,30831453,22790666,40327742,1.00388220783,0.897483409048,1.23782320144
2020-07-13,367,136137,,,,,,,448519,350912,564265,6616282,5147873,8328205,31279972,23141578,40892007,0.998037302092,0.895936608441,1.22339711989
2020-07-14,926,137063,,,,,,,446940,349835,563512,6648842,5180222,8366283,31726912,23491413,41455519,0.992707804512,0.895034841117,1.20659614881
2020-07-15,968,138031,,,,,,,445001,348377,561310,6672402,5204709,8393610,32171913,23839790,42016829,0.987867850305,0.892897062765,1.18685884087
2020-07-16,943,138974,,,,,,,442726,346198,558841,6687472,5221219,8412094,32614639,24185988,42575670,0.983483886242,0.891500817337,1.1769724906
2020-07-17,930,139904,,,,,,,440140,343783,555132,6694568,5229843,8420386,33054779,24529771,43130802,0.979522786324,0.890612002487,1.1603319131
2020-07-18,868,140772,,,,,,,437266,340744,552445,6694197,5231332,8421559,33492045,24870515,43683247,0.975954573533,0.890179680866,1.14385904549
2020-07-19,447,141219,,,,,,,434128,337691,548880,6686855,5225781,8415630,33926173,25208206,44232127,0.972750946468,0.889764453299,1.13187213252
2020-07-20,514,141733,,,,,,,430746,334476,545938,6673019,5213357,8402661,34356919,25542682,44778065,0.969883181094,0.887295945868,1.10477213555
2020-07-21,1107,142840,,,,,,,427143,331157,542110,6653146,5195640,8382966,34784062,25873839,45320175,0.967321373767,0.882285748389,1.08894806259
2020-07-22,1216,144056,,,,,,,423338,327696,537650,6627670,5173034,8357020,35207400,26201535,45857825,0.965034797054,0.879819713329,1.06849994391
2020-07-23,1094,145150,,,,,,,419352,324230,533685,6597000,5145657,8325784,35626752,26525765,46391510,0.962992617755,0.877381214129,1.0521537303
2020-07-24,1132,146282,,,,,,,415201,320392,529956,6561523,5113710,8289969,36041953,26846157,46921466,0.961164740219,0.876729582217,1.04491921659
2020-07-25,899,147181,,,,,,,410904,316304,526209,6521605,5077353,8250289,36452857,27162461,47447675,0.959522827278,0.876148359156,1.04085451069
2020-07-26,472,147653,,,,,,,406476,311774,522255,6477592,5036165,8206733,36859333,27474235,47969930,0.958041392346,0.875270392992,1.03962389014
2020-07-27,1120,148773,,,,,,,401933,307373,518114,6429813,4991299,8159570,37261266,27781608,48488044,0.956698651328,0.874628487544,1.03735078544
2020-07-28,1374,150147,,,,,,,397288,302586,514347,6378582,4942942,8109666,37658554,28084194,49002391,0.95547682647,0.873953914988,1.03399490382
2020-07-29,1432,151579,,,,,,,392555,298036,510026,6324197,4891111,8056192,38051109,28382230,49512417,0.954361785924,0.873490475193,1.02994884024
2020-07-30,1209,152788,,,,,,,387747,293093,505559,6266944,4835791,8000449,38438856,28675323,50017976,0.953342159667,0.873047071446,1.02820111616
2020-07-31,1243,154031,,,,,,,382874,288157,500808,6207092,4777708,7942446,38821730,28963480,50518784,0.952408261457,0.872620936706,1.02641406583
2020-08-01,1115,155146,,,,,,,377948,283212,496681,6144900,4717104,7884009,39199678,29246692,51015465,0.951551172458,0.87221004328,1.02571171646
2020-08-02,403,155549,,,,,,,372977,278427,492555,6080612,4654766,7824129,39572655,29525119,51508020,0.950762206568,0.87181288474,1.02447868645
2020-08-03,530,156079,,,,,,,367972,273700,488024,6014456,4590760,7763276,39940627,29798819,51996044,0.950032779043,0.871428323179,1.02340458847
2020-08-04,1378,157457,,,,,,,362940,268378,483149,5946650,4524656,7700488,40303567,30067197,52479193,0.949354553728,0.871055482101,1.02295821092
2020-08-05,1376,158833,,,,,,,357889,263168,478462,5877397,4456661,7636816,40661456,30330365,52957655,0.948719700524,0.870693671157,1.02251160781
2020-08-06,1253,160086,,,,,,,352827,257841,473692,5806885,4386803,7572853,41014283,30588206,53431347,0.948121131243,0.870342333101,1.02206434351
2020-08-07,1242,161328,,,,,,,347761,252908,469112,5735294,4315483,7508267,41362044,30841114,53900459,0.947552647116,0.870001006372,1.02161609475
2020-08-08,1077,162405,,,,,,,342696,247744,464521,5662789,4242845,7442819,41704740,31088858,54364980,0.947008986291,0.869669298648,1.02116662377
2020-08-09,511,162916,,,,,,,337641,242652,460487,5589526,4169206,7377097,42042381,31331510,54825467,0.946485790541,0.86934686816,1.02034712776
2020-08-10,527,163443,,,,,,,332599,237730,455684,5515648,4095176,7310539,42374980,31569240,55281151,0.945979520313,0.869033410438,1.01977973579
2020-08-11,1064,164507,,,,,,,327577,232847,451210,5441292,4020660,7243654,42702557,31802087,55732361,0.945487344817,0.868728648885,1.01920990435
2020-08-12,1505,166012,,,,,,,322579,227697,446608,5366583,3945779,7175929,43025136,32029784,56178969,0.945007026652,0.868432328046,1.01863767482
2020-08-13,1070,167082,,,,,,,317611,222861,441808,5291639,3870606,7107732,43342747,32252645,56620777,0.944536812983,0.868144208792,1.01798743211
2020-08-14,1338,168420,,,,,,,312676,218051,437217,5216569,3795564,7039412,43655423,32470696,57057994,0.944075339344,0.867864064875,1.01733391916
2020-08-15,1034,169454,,,,,,,307779,213250,432579,5141473,3720655,6971215,43963202,32683946,57490573,0.943621548203,0.867907595369,1.01667463411
2020-08-16,571,170025,,,,,,,302922,208635,427986,5066447,3646079,6902548,44266124,32892581,57918559,0.943174622034,0.867566895449,1.01600466641
2020-08-17,446,170471,,,,,,,298108,204006,422924,4991578,3571657,6832938,44564232,33096587,58341483,0.942733929488,0.86706941181,1.01530465863
2020-08-18,1325,171796,,,,,,,293341,199495,418632,4916947,3497448,6763567,44857573,33296082,58760115,0.94229898276,0.866820032453,1.01467963518
2020-08-19,1353,173149,,,,,,,288622,195126,413791,4842629,3424192,6694229,45146195,33491208,59173906,0.941869404209,0.866578256727,1.01399256735
2020-08-20,1079,174228,,,,,,,283953,190699,408677,4768693,3351719,6624460,45430148,33681907,59582583,0.941444900446,0.86632808437,1.01330924026
2020-08-21,1105,175333,,,,,,,279336,186489,403650,4695201,3280364,6554436,45709484,33868396,59986233,0.941025242341,0.866094104256,1.01264536155
2020-08-22,982,176315,,,,,,,274772,182356,398343,4622212,3209806,6483687,45984256,34050752,60384576,0.940610249676,0.865866670151,1.01194019666
2020-08-23,450,176765,,,,,,,270262,178349,393602,4549778,3140406,6412789,46254518,34229101,60778178,0.940199779402,0.865645610981,1.0113048518
2020-08-24,442,177207,,,,,,,266074,174491,389176,4478211,3072239,6341498,46520592,34403592,61167354,0.940742231099,0.867565084334,1.01125867996
2020-08-25,1239,178446,,,,,,,261934,170817,384926,4407546,3005322,6270757,46782526,34574409,61552280,0.94129182718,0.869649041025,1.01110317226
2020-08-26,1225,179671,,,,,,,257855,166858,380960,4337824,2939327,6200517,47040381,34741267,61933240,0.94184810324,0.871058638973,1.0124554767
2020-08-27,1111,180782,,,,,,,253851,163033,376957,4269096,2874660,6130872,47294232,34904300,62310197,0.942411012617,0.872749693671,1.01338343229
2020-08-28,971,181753,,,,,,,249947,159555,373321,4201432,2811348,6062389,47544179,35063855,62683518,0.942980498463,0.872692331975,1.01394569758
2020-08-29,958,182711,,,,,,,246170,156219,369750,4134926,2749510,5994924,47790349,35220074,63053268,0.943556490966,0.872583378362,1.01616457115
2020-08-30,310,183021,,,,,,,242498,152859,365679,4069645,2689114,5928024,48032847,35372933,63418947,0.944138884504,0.87127124343,1.01828641144
2020-08-31,573,183594,,,,,,,238914,149795,362022,4005637,2630271,5862064,48271761,35522728,63780969,0.944727533726,0.871125122985,1.02051241813
2020-09-01,1067,184661,,,,,,,235418,146758,358840,3942946,2573021,5797988,48507179,35669486,64139809,0.945322327622,0.871104220743,1.02277968999
2020-09-02,1056,185717,,,,,,,232012,143796,355662,3881617,2517317,5735024,48739191,35813282,64495471,0.945923181311,0.870879851981,1.0245408371
2020-09-03,1070,186787,,,,,,,228702,140693,352139,3821697,2462879,5673379,48967893,35953975,64847610,0.946530010669,0.871415656014,1.02718560835
2020-09-04,965,187752,,,,,,,225488,137718,349159,3763232,2409895,5613870,49193381,36091693,65196769,0.947142730125,0.86946751892,1.0293205526
2020-09-05,783,188535,,,,,,,222367,134922,346083,3706263,2358324,5556306,49415748,36226615,65542852,0.94776123858,0.869538796971,1.03159987896
2020-09-06,403,188938,,,,,,,219334,132214,342989,3650825,2308179,5500953,49635082,36358829,65885841,0.948385434934,0.869991081836,1.03324471177
2020-09-07,,,810.833299903,582,1113,189748.8333,189520,190051,216388,129574,339956,3596952,2259403,5447305,49851470,36488403,66225797,0.949015223693,0.869971450657,1.03513392811
2020-09-08,,,798.060386972,570,1101,190546.893687,190090,191151,213531,126941,338120,3544409,2211851,5396232,50065001,36615344,66563917,0.949650512416,0.870679965149,1.03768281212
2020-09-09,,,785.338664417,558,1088,191332.232351,190649,192239,210762,124406,336099,3493237,2165439,5347382,50275763,36739750,66900016,0.950291208225,0.870690678755,1.04002255878
2020-09-10,,,772.68571448,545,1076,192104.918066,191194,193315,208081,121729,333440,3443462,2120310,5299836,50483844,36861479,67233456,0.950937213874,0.870201392913,1.04235727881
2020-09-11,,,760.1196432,533,1065,192865.037709,191728,194379,205486,119525,331288,3395097,2076804,5254140,50689330,36981004,67564744,0.951588428963,0.870145788248,1.04467965714
2020-09-12,,,747.658958256,521,1052,193612.696667,192250,195431,202976,117370,329130,3348125,2034624,5209932,50892306,37098374,67893874,0.952244752367,0.869186619564,1.04705176705
2020-09-13,,,735.320083186,510,1040,194348.01675,192760,196470,200550,115260,327265,3302505,1993670,5167440,51092856,37213634,68221139,0.952906082555,0.868140284547,1.04959319084
2020-09-14,,,723.115736106,498,1028,195071.132487,193259,197498,198208,113112,325041,3258216,1953927,5126802,51291064,37326746,68546180,0.95357231692,0.866639605065,1.05198081238
2020-09-15,,,711.058686794,487,1015,195782.191173,193746,198512,195951,111035,322940,3215252,1915174,5087727,51487015,37437781,68869120,0.954243350435,0.864581282038,1.05469584956
2020-09-16,,,699.161621081,476,1003,196481.352794,194222,199515,193776,109046,320950,3173610,1877469,5049841,51680791,37546827,69190070,0.954919075259,0.863047279882,1.05709244242
2020-09-17,,,687.436787993,465,992,197168.789582,194688,200506,191684,106993,318826,3133282,1840671,5013005,51872475,37653820,69508896,0.955599381101,0.861921392168,1.06033111
2020-09-18,,,675.895350947,454,979,197844.684933,195143,201485,189674,105047,317132,3094254,1805029,4978005,52062149,37758867,69826028,0.956284155465,0.86127341492,1.06286365225
2020-09-19,,,664.54460257,444,966,198509.229536,195588,202451,187745,103046,315726,3056511,1770360,4944575,52249894,37861913,70141754,0.956973283546,0.861047717141,1.06421030834
2020-09-20,,,653.391710482,434,954,199162.621246,196022,203404,185898,101111,314958,3020043,1736548,4913446,52435792,37963024,70456712,0.957666647787,0.859946717178,1.06717225514
2020-09-21,,,643.369086846,425,943,199805.990333,196448,204346,184133,99166,314791,2984842,1703500,4885244,52619925,38062190,70771503,0.958364127517,0.857892387969,1.07015888477
2020-09-22,,,633.52715139,415,932,200439.517485,196864,205278,182448,97294,314168,2950902,1671219,4859451,52802373,38159484,71085671,0.959065598801,0.856320841392,1.07346414581
2020-09-23,,,623.87382624,407,922,201063.391311,197271,206199,180844,95601,313992,2918216,1639874,4835319,52983217,38255085,71399663,0.959770934381,0.854239920464,1.07638625291
2020-09-24,,,614.410852796,398,913,201677.802164,197669,207111,179321,93878,313895,2886774,1609340,4813111,53162538,38348963,71713558,0.96048000355,0.852168898063,1.0787051433
2020-09-25,,,605.14060209,389,904,202282.942766,198059,208015,177878,92141,314076,2856571,1579743,4793748,53340416,38441104,72027634,0.961192671919,0.850198934021,1.08031444417
2020-09-26,,,596.065883404,381,895,202879.008649,198441,208909,176516,90522,314296,2827601,1550731,4776761,53516932,38531626,72341930,0.96190880113,0.848508215541,1.08445160335
2020-09-27,,,587.18961796,373,887,203466.198267,198814,209795,175234,89042,314908,2799860,1522397,4762547,53692166,38620668,72656838,0.962628248614,0.846457474847,1.08779490847
2020-09-28,,,578.514265637,365,879,204044.712533,199179,210673,174034,87433,316012,2773344,1494564,4751304,53866200,38708101,72972850,0.96335086737,0.844509530105,1.09099179688
2020-09-29,,,570.041185301,357,870,204614.753718,199537,211542,172914,85875,317450,2748050,1467325,4743716,54039114,38793976,73290300,0.964076505745,0.842570186335,1.09418643164
2020-09-30,,,561.771238806,350,863,205176.524957,199887,212404,171876,84402,319506,2723976,1440692,4740276,54210990,38878378,73609806,0.964805007181,0.840443603815,1.09761276661
2020-10-01,,,553.705234769,343,855,205730.230192,200231,213259,170920,82974,321190,2701120,1414623,4740504,54381910,38961352,73930996,0.965543379437,0.840002886807,1.10125066928
2020-10-02,,,545.843968072,336,847,206276.07416,200567,214106,170047,81566,322154,2679483,1389199,4743811,54551957,39042918,74253150,0.966287481677,0.837909381646,1.10385601348
2020-10-03,,,538.188202375,328,840,206814.262362,200896,214945,169257,80326,324715,2659066,1364481,4751366,54721214,39123244,74577865,0.967034101027,0.836048868007,1.10645160836
2020-10-04,,,530.738348935,321,833,207345.000711,201218,215777,168550,79089,327461,2639870,1340529,4763070,54889764,39202333,74905326,0.967786650635,0.834415293453,1.11031333946
2020-10-05,,,523.494528695,315,827,207868.49524,201534,216602,167927,77815,330244,2621899,1317237,4778322,55057691,39280148,75235570,0.968547433766,0.83278793586,1.11356440666
2020-10-06,,,516.45671257,309,822,208384.951952,201843,217423,167390,76595,332794,2605156,1294668,4796299,55225081,39356743,75568364,0.969311887905,0.831166697674,1.11680993171
2020-10-07,,,509.624810797,302,815,208894.576763,202146,218237,166939,75478,335286,2589647,1272853,4817401,55392020,39432221,75903650,0.970077877821,0.829495190064,1.12004904558
2020-10-08,,,502.998695534,296,809,209397.575459,202443,219045,166574,74255,338913,2575377,1251510,4842309,55558594,39506476,76242563,0.970845829688,0.827872778513,1.12328083303
2020-10-09,,,496.578036851,290,803,209894.153495,202734,219848,166298,73094,343533,2562355,1230727,4871938,55724892,39579570,76586096,0.971622653076,0.826069246635,1.12814002695
2020-10-10,,,490.362301181,284,797,210384.515797,203019,220644,166111,72053,347751,2550588,1210640,4905611,55891003,39651623,76933847,0.972408971057,0.824553167048,1.13168481696
2020-10-11,,,484.350788258,279,793,210868.866585,203299,221435,166015,70945,351869,2540088,1191059,4943185,56057018,39722568,77285716,0.973198964014,0.823097648771,1.13513712868
2020-10-12,,,478.542667279,274,787,211347.409252,203573,222221,166011,69956,356452,2530865,1171969,4984733,56223029,39792524,77642168,0.97399047666,0.822570145329,1.13747240357
2020-10-13,,,472.937111066,269,782,211820.346363,203843,223002,166100,68846,361527,2522932,1153378,5030263,56389129,39861370,78003695,0.974786097348,0.821584712675,1.14236162885
2020-10-14,,,467.53338726,264,777,212287.87975,204108,223778,166285,67932,366847,2516302,1135431,5079676,56555414,39929302,78370542,0.975587929556,0.821505968949,1.14684756931
2020-10-15,,,462.330714116,259,772,212750.210465,204368,224549,166567,67007,372206,2510993,1118034,5132394,56721981,39996309,78742748,0.976411597591,0.821487064231,1.14969768309
2020-10-16,,,457.328274634,255,769,213207.538739,204623,225316,166947,66059,377720,2507019,1101118,5188934,56888928,40062368,79120468,0.977239762959,0.820769488673,1.15232080008
2020-10-17,,,452.52525172,250,765,213660.063991,204873,226079,167428,65226,384070,2504399,1084777,5250860,57056356,40127594,79504538,0.978067803071,0.819853520659,1.1556197842
2020-10-18,,,447.920877458,245,762,214107.984868,205119,226840,168011,64309,390677,2503154,1068758,5316831,57224367,40191903,79895215,0.978895596718,0.819503407968,1.15954347491
2020-10-19,,,443.514580889,240,761,214551.499449,205360,227600,168700,63436,397656,2503305,1053103,5387029,57393067,40255339,80292871,0.979725983179,0.818321073785,1.16341708785
2020-10-20,,,439.305853422,236,760,214990.805303,205597,228358,169497,62455,405244,2504874,1037742,5462023,57562564,40317794,80698115,0.980560311032,0.81728764282,1.16635812933
2020-10-21,,,435.294251858,232,759,215426.099555,205830,229115,170403,61565,413515,2507887,1022712,5542733,57732967,40379359,81111630,0.981397587184,0.818435092042,1.16928931819
2020-10-22,,,431.479411612,227,758,215857.578966,206058,229871,171423,60676,421654,2512371,1007911,5629087,57904390,40440035,81533284,0.982250426486,0.817946409018,1.17310301181
2020-10-23,,,427.861077888,223,758,216285.440044,206282,230628,172557,59864,430298,2518354,993522,5720461,58076947,40499899,81963582,0.983103536557,0.816953939319,1.17715438905
2020-10-24,,,424.439374418,219,758,216709.879419,206503,231384,173811,59208,439434,2525867,979638,5816364,58250758,40559107,82403016,0.983955019632,0.817516598964,1.17893971499
2020-10-25,,,421.214542328,215,759,217131.093961,206719,232140,175186,58586,448652,2534941,966170,5917265,58425944,40617693,82851668,0.984805268766,0.81696728317,1.18243448772
2020-10-26,,,418.186950396,212,761,217549.280911,206931,232899,176686,57875,457400,2545611,953099,6022796,58602630,40675568,83309068,0.985657141624,0.816902345946,1.18600001665
2020-10-27,,,415.357110547,208,764,217964.638022,207141,233661,178314,57213,467727,2557914,940356,6134072,58780944,40732781,83776795,0.986504385794,0.816619054378,1.18954509602
2020-10-28,,,412.725712613,204,770,218377.363734,207346,234428,180074,56571,479249,2571887,928082,6251797,58961018,40789352,84256044,0.987348565671,0.816041203502,1.19203879268
2020-10-29,,,410.293664183,201,773,218787.657399,207548,235199,181970,55879,491186,2587572,916030,6376140,59142988,40845231,84747230,0.98819255404,0.815353163164,1.1957543413
2020-10-30,,,408.062077768,197,775,219195.719476,207746,235971,184005,55255,503882,2605011,904279,6507825,59326993,40900486,85251112,0.989037483701,0.814882261485,1.1996400311
2020-10-31,,,406.032259596,194,779,219601.751736,207941,236747,186184,54723,516783,2624248,892944,6646885,59513177,40955209,85767895,0.989877208565,0.813686919882,1.20353169492
2020-11-01,,,404.205707615,191,786,220005.957444,208133,237530,188511,54171,531285,2645331,881889,6794103,59701688,41009380,86299180,0.99071142621,0.812522399552,1.20703021466
