date,actual_deaths,total_deaths,predicted_deaths_mean,predicted_deaths_lower,predicted_deaths_upper,predicted_total_deaths_mean,predicted_total_deaths_lower,predicted_total_deaths_upper,predicted_new_infected_mean,predicted_new_infected_lower,predicted_new_infected_upper,predicted_current_infected_mean,predicted_current_infected_lower,predicted_current_infected_upper,predicted_total_infected_mean,predicted_total_infected_lower,predicted_total_infected_upper,r_values_mean,r_values_lower,r_values_upper
2020-02-05,0,0,,,,,,,126,66,178,126,66,178,126,66,178,2.26211288037,2.1,2.4
2020-02-06,0,0,,,,,,,126,66,178,251,132,356,252,132,356,2.26210310493,2.09998892268,2.39999969814
2020-02-07,0,0,,,,,,,126,66,178,377,197,534,378,198,534,2.26209980806,2.09998540035,2.39999953628
2020-02-08,0,0,,,,,,,126,66,178,503,264,712,504,264,712,2.26209538632,2.09998075799,2.39999929008
2020-02-09,0,0,,,,,,,287,164,405,790,442,1103,791,428,1117,2.26208945081,2.09997463947,2.39999891166
2020-02-10,0,0,,,,,,,287,164,405,1078,611,1503,1078,592,1522,2.2620814761,2.09996612285,2.39999833025
2020-02-11,0,0,,,,,,,287,164,405,1365,778,1905,1365,756,1927,2.26207075151,2.09995468646,2.3999974373
2020-02-12,0,0,,,,,,,287,164,405,1653,944,2308,1652,920,2332,2.26205631463,2.09993938945,2.39999617858
2020-02-13,0,0,,,,,,,461,278,649,2113,1240,2934,2113,1198,2981,2.26203686058,2.09991892875,2.39999428482
2020-02-14,0,0,,,,,,,670,408,936,2783,1654,3863,2783,1606,3917,2.2619810841,2.09986122649,2.39996710243
2020-02-15,0,0,,,,,,,1207,747,1626,3990,2455,5450,3990,2353,5543,2.26194195304,2.09981871282,2.39995994515
2020-02-16,0,0,,,,,,,2402,1466,3094,6392,4048,8482,6392,3819,8637,2.26188200018,2.09975750968,2.39994316576
2020-02-17,0,0,,,,,,,3884,2520,4922,10276,6699,13315,10276,6339,13559,2.26180514457,2.09967955905,2.39992324708
2020-02-18,0,0,,,,,,,4301,2831,5456,14577,9570,18743,14577,9170,19015,2.2617043408,2.09957842154,2.39989854112
2020-02-19,0,0,,,,,,,5051,3382,6401,19627,13014,25097,19628,12552,25416,2.26157030948,2.09944576977,2.39986508905
2020-02-20,0,0,,,,,,,5191,3486,6593,24692,16445,31503,24819,16038,32009,2.26138964723,2.09926987154,2.39981557139
2020-02-21,0,0,,,,,,,5721,3900,7257,30287,20301,38561,30540,19938,39266,2.26114451406,2.09903594008,2.39974799959
2020-02-22,0,0,,,,,,,6792,4704,8631,36954,24988,46977,37332,24642,47897,2.26081448321,2.09872634813,2.39965362888
2020-02-23,0,0,,,,,,,8134,5719,10313,44962,30734,57036,45466,30361,58210,2.26037017707,2.0983247217,2.39951164353
2020-02-24,0,0,,,,,,,10337,7259,13193,55011,37909,69765,55803,37620,71403,2.2597695935,2.09779535274,2.39932573788
2020-02-25,0,0,,,,,,,16222,10836,20647,70946,48755,89888,72025,48456,92050,2.25895503575,2.09710039403,2.3990642284
2020-02-26,0,0,,,,,,,19602,13342,24994,90260,61977,114440,91627,61798,117044,2.257847117,2.09616056031,2.39867099952
2020-02-27,0,0,,,,,,,21373,14439,27488,111346,76265,141509,113000,76237,144532,2.25633843163,2.09495825603,2.398065814
2020-02-28,0,0,,,,,,,25961,17370,33707,136846,93354,174564,138961,93607,178239,2.25428142083,2.09341574378,2.3972746573
2020-02-29,1,1,,,,,,,31763,20678,41890,167940,113634,215477,170724,114285,220129,2.25147284453,2.09139952715,2.39602890552
2020-03-01,0,1,,,,,,,41270,26305,55037,208002,139253,268776,211994,140590,275166,2.24763413248,2.08833899633,2.39418810896
2020-03-02,5,6,,,,,,,51334,32410,69038,256935,170306,334579,263328,173000,344204,2.24238564883,2.08426370838,2.39146317273
2020-03-03,1,7,,,,,,,63699,40053,86415,316750,207933,415930,327027,213053,430619,2.23521423317,2.07917026947,2.3874269248
2020-03-04,4,11,,,,,,,78181,48474,107080,390630,253677,517389,405208,261527,537699,2.22543293771,2.07246853814,2.38145095233
2020-03-05,1,12,,,,,,,97795,60058,134658,483374,310456,645464,503003,321585,672357,2.21213594237,2.06303226867,2.37282013207
2020-03-06,2,14,,,,,,,119881,72814,165523,598064,379895,804199,622884,394399,837880,2.19415652985,2.04852953535,2.36076135852
2020-03-07,3,17,,,,,,,144877,88150,201096,737220,464236,997880,767761,482549,1038976,2.17004361272,2.02763515061,2.34226154494
2020-03-08,4,21,,,,,,,172236,106078,237931,902664,565604,1227098,939997,588627,1276907,2.13808507366,1.99207668113,2.31513583035
2020-03-09,1,22,,,,,,,201230,127252,273249,1095761,687009,1490058,1141227,715879,1550156,2.09641960927,1.93110377618,2.27837982076
2020-03-10,6,28,,,,,,,230801,152432,309490,1316225,831928,1786490,1372028,868311,1859646,2.04328336031,1.86321084827,2.25006463452
2020-03-11,5,33,,,,,,,257186,175181,343873,1557189,996228,2109643,1629214,1043492,2203519,1.97741072882,1.78010724189,2.21432727556
2020-03-12,10,43,,,,,,,278779,192477,371052,1816366,1175230,2455700,1907993,1235969,2574571,1.89853043474,1.68014406009,2.16267772908
2020-03-13,8,51,,,,,,,295365,205241,390781,2090358,1365925,2818952,2203358,1441210,2965352,1.80778917163,1.57117096835,2.11039903769
2020-03-14,7,58,,,,,,,306725,213069,401690,2371121,1561555,3186858,2510083,1654279,3367042,1.70788514046,1.45660947883,2.04563112729
2020-03-15,12,70,,,,,,,314216,220253,412267,2653575,1761207,3557076,2824299,1874532,3779309,1.60279048022,1.33056647877,1.977558743
2020-03-16,27,97,,,,,,,318304,225520,422246,2930609,1960668,3924078,3142603,2100052,4201555,1.49713821267,1.21886698331,1.89278190037
2020-03-17,35,132,,,,,,,319905,229665,426685,3199180,2158321,4281509,3462508,2329717,4628240,1.39548977755,1.12549670887,1.78515516422
2020-03-18,59,191,,,,,,,319891,233338,427172,3455372,2352258,4621988,3782399,2563055,5055412,1.30170062383,1.05243279499,1.66840227099
2020-03-19,73,264,,,,,,,318790,236342,424261,3695982,2541052,4938727,4101189,2799397,5479673,1.2185096693,1.00238658764,1.5448676326
2020-03-20,99,363,,,,,,,317074,238524,422101,3915261,2720729,5225522,4418263,3037921,5901774,1.1473804032,0.96670776742,1.44155161063
2020-03-21,99,462,,,,,,,314851,239795,419987,4110231,2889154,5479304,4733114,3277716,6321761,1.08856519048,0.939514129318,1.34008186749
2020-03-22,110,572,,,,,,,312215,240415,415325,4277569,3042970,5692796,5045329,3518131,6737086,1.04134087636,0.922731650081,1.2577574956
2020-03-23,189,761,,,,,,,309296,240207,409464,4414629,3178746,5863566,5354625,3758338,7146550,1.00434398142,0.90370321252,1.18628271643
2020-03-24,239,1000,,,,,,,306131,239590,401721,4519529,3292718,5991131,5660756,3997928,7548271,0.97591654905,0.88341059732,1.12364493883
2020-03-25,324,1324,,,,,,,302751,239083,394420,4591479,3380972,6074994,5963507,4237011,7942691,0.954384731292,0.8703722185,1.06940662724
2020-03-26,408,1732,,,,,,,299146,236990,388041,4633439,3444174,6118262,6262653,4474001,8330732,0.938234199589,0.860799268062,1.0281161543
2020-03-27,518,2250,,,,,,,295298,232879,381645,4649958,3485186,6128004,6557951,4706880,8712377,0.926189831743,0.854302129414,1.00250416738
2020-03-28,633,2883,,,,,,,291211,228601,374318,4645804,3508347,6110761,6849162,4935481,9086695,0.917228886121,0.84926804992,0.983106062231
2020-03-29,586,3469,,,,,,,286919,224307,366724,4625999,3518681,6075076,7136081,5159788,9453419,0.910557903266,0.845875503931,0.970605383451
2020-03-30,692,4161,,,,,,,282374,220145,359665,4594156,3517119,6022071,7418455,5379933,9813084,0.905575182559,0.843332670822,0.961963614119
2020-03-31,1085,5246,,,,,,,277622,215792,352258,4553474,3505563,5952196,7696077,5595725,10165342,0.901831477211,0.841867805117,0.956502633862
2020-04-01,1172,6418,,,,,,,272681,211274,344894,4506250,3485223,5870971,7968758,5806999,10510236,0.898994862368,0.840666313154,0.952315248283
2020-04-02,1503,7921,,,,,,,267578,206853,337850,4453937,3456979,5782552,8236336,6013852,10848086,0.896821783979,0.839625144237,0.948996027295
2020-04-03,1392,9313,,,,,,,262339,202378,331408,4397485,3421482,5690676,8498675,6216230,11179494,0.895134310514,0.83856971707,0.946479080623
2020-04-04,1523,10836,,,,,,,256991,197918,324644,4337403,3379603,5594240,8755666,6414148,11504138,0.893802783686,0.837770010765,0.944419077736
2020-04-05,1590,12426,,,,,,,251567,193547,318121,4274119,3332448,5493636,9007233,6607695,11822259,0.892732839789,0.837130296537,0.942892031835
2020-04-06,1770,14196,,,,,,,246102,189098,311470,4208006,3280540,5391069,9253335,6796793,12133729,0.891855822555,0.836518830834,0.941671182837
2020-04-07,2571,16767,,,,,,,240630,184734,304861,4139340,3224731,5287657,9493965,6981527,12438590,0.891121759305,0.835891352732,0.940914562918
2020-04-08,2146,18913,,,,,,,235183,180309,297919,4068392,3165245,5184806,9729148,7161836,12736509,0.890494241994,0.835398090544,0.940236405332
2020-04-09,2228,21141,,,,,,,229789,176110,291001,3995430,3102117,5082113,9958937,7337946,13027510,0.889946708558,0.834919327959,0.939664377489
2020-04-10,2218,23359,,,,,,,224470,172150,284606,3920754,3037117,4979257,10183407,7510096,13312116,0.88945974642,0.834495171751,0.93921984288
2020-04-11,2119,25478,,,,,,,219247,167942,278121,3844703,2972033,4876152,10402654,7678038,13590237,0.889016359385,0.83417590187,0.938717359873
2020-04-12,1816,27294,,,,,,,214130,163772,271962,3767622,2907093,4774061,10616784,7841810,13862199,0.888609442867,0.833807877939,0.938390599633
2020-04-13,1946,29240,,,,,,,209130,159800,265738,3689832,2842508,4673213,10825914,8001610,14127937,0.888230768359,0.833373109505,0.9380129141
2020-04-14,2455,31695,,,,,,,204251,155876,259979,3611710,2778211,4573596,11030165,8157486,14387916,0.887875321335,0.832995362944,0.93767638929
2020-04-15,2609,34304,,,,,,,199495,152097,254459,3533583,2714515,4475815,11229660,8309583,14642375,0.887548334194,0.83269872806,0.937331991721
2020-04-16,2176,36480,,,,,,,194861,148313,248961,3455763,2651584,4379873,11424521,8457896,14891336,0.887233377906,0.832438617831,0.937004046107
2020-04-17,2093,38573,,,,,,,190349,144612,243630,3378535,2589393,4285653,11614870,8602508,15134966,0.886935644749,0.832173689599,0.93670771353
2020-04-18,1960,40533,,,,,,,185955,140920,238468,3302150,2527986,4192718,11800825,8743428,15373434,0.886652292506,0.831970162772,0.936428165043
2020-04-19,1931,42464,,,,,,,181676,137364,233592,3226835,2467476,4101699,11982501,8880792,15607026,0.886384248318,0.831740012588,0.936152766169
2020-04-20,2186,44650,,,,,,,177509,133887,228786,3152777,2407845,4012419,12160010,9014679,15835812,0.886130790764,0.831484267811,0.935881352505
2020-04-21,2548,47198,,,,,,,173450,130547,224266,3080124,2349299,3925287,12333460,9145226,16060078,0.885892458314,0.831276109846,0.935614477242
2020-04-22,2434,49632,,,,,,,169496,127176,219653,3008991,2291722,3840184,12502956,9272402,16279731,0.885670733968,0.831060267286,0.935353623576
2020-04-23,2466,52098,,,,,,,165646,123851,215259,2939453,2235236,3757648,12668602,9396253,16494990,0.885468562832,0.830857078849,0.935096352193
2020-04-24,2154,54252,,,,,,,161896,120787,211002,2871561,2179866,3677772,12830498,9517040,16705992,0.885290144241,0.830659582918,0.934983067141
2020-04-25,1698,55950,,,,,,,158246,117746,206988,2805336,2125398,3600278,12988744,9634786,16912980,0.88514110656,0.830470709252,0.934757934891
2020-04-26,1329,57279,,,,,,,154694,114542,203003,2740783,2071934,3525270,13143438,9749328,17115983,0.885029654475,0.83030562406,0.934514387697
2020-04-27,1466,58745,,,,,,,151237,111367,199092,2677891,2019471,3452489,13294675,9860695,17315075,0.884966208312,0.830150823014,0.934321889796
2020-04-28,2241,60986,,,,,,,147875,108387,195435,2616635,1968012,3382262,13442550,9969082,17510510,0.88496519416,0.830040053691,0.934194701183
2020-04-29,2521,63507,,,,,,,144608,105444,191923,2556992,1917538,3314262,13587158,10074526,17702433,0.885045866284,0.830091390275,0.934053400178
2020-04-30,2322,65829,,,,,,,141437,102503,188424,2498934,1867907,3248264,13728595,10177029,17890857,0.885233615048,0.830038805577,0.934192199169
2020-05-01,1891,67720,,,,,,,138360,99684,185091,2442433,1819250,3184419,13866955,10276713,18075948,0.885561710581,0.830023122595,0.934153066663
2020-05-02,1692,69412,,,,,,,135379,97150,181843,2387463,1771765,3122646,14002334,10373863,18257791,0.886073147624,0.830033138552,0.934196134045
2020-05-03,1120,70532,,,,,,,132495,94603,178801,2334003,1725428,3062982,14134829,10468466,18436592,0.886822379278,0.830227613913,0.934788190636
2020-05-04,1333,71865,,,,,,,129712,92011,175801,2282039,1680056,3005183,14264541,10560477,18612393,0.887876585142,0.830375767867,0.935566569693
2020-05-05,2318,74183,,,,,,,127031,89622,173013,2231561,1635774,2949396,14391572,10650099,18785406,0.889315578675,0.830535459175,0.937140248091
2020-05-06,2364,76547,,,,,,,124457,87257,170227,2182568,1592467,2895339,14516029,10737356,18955633,0.891229265802,0.830645604896,0.94156928723
2020-05-07,1934,78481,,,,,,,121993,85057,167661,2135065,1550334,2843325,14638022,10822413,19123294,0.893711445893,0.831159100185,0.953931700077
2020-05-08,1747,80228,,,,,,,119647,82930,165199,2089066,1509399,2793244,14757669,10905343,19288493,0.896849493905,0.831797247826,0.96964649477
2020-05-09,1488,81716,,,,,,,117425,80866,162743,2044596,1469463,2744968,14875094,10986209,19451236,0.900711582434,0.832049505633,0.990857833492
2020-05-10,893,82609,,,,,,,115337,78963,160477,2001687,1430664,2698443,14990431,11065172,19611713,0.905336302302,0.832435769463,1.01598592316
2020-05-11,1014,83623,,,,,,,113394,77191,158395,1960387,1393299,2653825,15103825,11142363,19770108,0.910731385293,0.832747566171,1.04784360285
2020-05-12,1627,85250,,,,,,,111607,75603,156535,1920757,1357525,2611258,15215432,11217966,19926643,0.916884914215,0.833921241329,1.07349642807
2020-05-13,1764,87014,,,,,,,109990,74172,154867,1882872,1323304,2570681,15325422,11292138,20081510,0.923783699912,0.834731150787,1.09641375168
2020-05-14,1783,88797,,,,,,,108559,72874,153413,1846823,1290730,2532160,15433981,11365012,20234923,0.931426900719,0.83621745879,1.1224622234
2020-05-15,1681,90478,,,,,,,107328,71704,152125,1812714,1259929,2495846,15541309,11436716,20387048,0.939827011496,0.838198960944,1.1445428534
2020-05-16,1216,91694,,,,,,,106312,70748,151033,1780665,1230996,2461775,15647621,11507464,20538081,0.949001863818,0.840877970586,1.16339553758
2020-05-17,758,92452,,,,,,,105525,69902,150270,1750811,1203754,2430188,15753146,11577366,20688351,0.958966379128,0.844430685774,1.17749375667
2020-05-18,1172,93624,,,,,,,104982,69187,149892,1723299,1178350,2401263,15858128,11646553,20838243,0.969724915117,0.849287015501,1.19449570387
2020-05-19,1552,95176,,,,,,,104697,68747,149872,1698285,1155103,2375309,15962825,11715300,20988115,0.981255428432,0.855869993094,1.22556139668
2020-05-20,1526,96702,,,,,,,104684,68481,149927,1675937,1133986,2352198,16067509,11783781,21138042,0.993481883863,0.864740723372,1.23559547318
2020-05-21,1217,97919,,,,,,,104952,68442,150628,1656433,1115201,2332569,16172461,11852223,21288670,1.00624907526,0.874794702737,1.25255406713
2020-05-22,1244,99163,,,,,,,105514,68666,151609,1639953,1098845,2316480,16277975,11920889,21440279,1.01932389876,0.875617734423,1.25699752421
2020-05-23,1109,100272,,,,,,,106381,69112,152842,1626688,1085066,2304079,16384356,11990001,21593121,1.03243435586,0.875675982207,1.26000740698
2020-05-24,622,100894,,,,,,,107564,69763,154474,1616826,1074009,2295767,16491920,12059764,21747595,1.04533120188,0.875998316146,1.26215506293
2020-05-25,548,101442,,,,,,,109072,70629,156484,1610562,1065724,2291726,16600992,12130393,21904079,1.0578402434,0.876437474464,1.26659499749
2020-05-26,662,102104,,,,,,,110926,71820,158867,1608093,1060408,2292146,16711918,12202213,22062946,1.0698796197,0.877373012972,1.29188363539
2020-05-27,1518,103622,,,,,,,113134,73351,161594,1609621,1058213,2297147,16825052,12275564,22224540,1.08144042073,0.878517332986,1.30459681773
2020-05-28,1178,104800,,,,,,,115704,75214,164754,1615334,1059313,2306977,16940756,12350778,22389294,1.09255077709,0.879983708859,1.31141085224
2020-05-29,1160,105960,,,,,,,118647,77394,168642,1625423,1063890,2322145,17059403,12428172,22557936,1.10324038144,0.882281926625,1.31787275182
2020-05-30,963,106923,,,,,,,121978,79922,172922,1640073,1072157,2342875,17181381,12508094,22730858,1.11356833929,0.885388116646,1.33116553486
2020-05-31,581,107504,,,,,,,125715,82700,177592,1659476,1084147,2369368,17307096,12590794,22908450,1.12357926798,0.889971834627,1.33974123503
2020-06-01,776,108280,,,,,,,129876,85827,182960,1683827,1100102,2401988,17436972,12676621,23091410,1.13332111361,0.896697725656,1.34602439444
2020-06-02,1068,109348,,,,,,,134478,89336,189077,1713323,1120278,2441098,17571450,12765957,23280487,1.14278586638,0.905925442052,1.3496145077
2020-06-03,1007,110355,,,,,,,139541,93198,195999,1748166,1144751,2487142,17710991,12859155,23476486,1.15192035939,0.918085853943,1.35257385733
2020-06-04,1023,111378,,,,,,,145084,97324,203053,1788567,1173609,2540190,17856075,12956479,23679539,1.16061615798,0.927198946286,1.35521816083
2020-06-05,914,112292,,,,,,,151127,102028,211015,1834742,1207203,2600487,18007202,13058507,23890554,1.16876545714,0.9328452985,1.35563383139
2020-06-06,659,112951,,,,,,,157690,107070,219428,1886919,1245608,2668226,18164892,13165577,24109982,1.17628262554,0.938014542513,1.3557165804
2020-06-07,438,113389,,,,,,,164794,112242,228315,1945331,1288743,2743638,18329686,13277819,24338297,1.18308321044,0.944873552623,1.35586633829
2020-06-08,519,113908,,,,,,,172456,118328,238295,2010223,1337318,2827415,18502142,13396147,24576592,1.18912334046,0.953740125583,1.35512581654
2020-06-09,950,114858,,,,,,,180689,124615,249366,2081840,1391311,2920259,18682831,13520762,24825958,1.19434677745,0.964977400975,1.35596818919
2020-06-10,901,115759,,,,,,,189506,131074,261181,2160420,1450575,3022534,18872337,13651836,25087139,1.1987210513,0.980711873818,1.35514124625
2020-06-11,871,116630,,,,,,,198907,138444,273879,2246192,1515673,3134794,19071244,13790280,25361018,1.20223494612,1.00589924973,1.35506174913
2020-06-12,828,117458,,,,,,,208888,145926,287261,2339377,1586391,3257289,19280132,13936206,25648279,1.2048628302,1.0307226956,1.35509480727
2020-06-13,759,118217,,,,,,,219436,153694,301451,2440165,1662692,3390077,19499568,14089900,25949730,1.20659977009,1.05444842057,1.35585349613
2020-06-14,308,118525,,,,,,,230520,161619,315583,2548706,1744385,3532736,19730088,14251519,26265313,1.20740181925,1.05145181304,1.35440100517
2020-06-15,394,118919,,,,,,,242095,170352,330720,2665087,1832027,3685878,19972183,14421871,26596033,1.20726748994,1.04853648574,1.3550932756
2020-06-16,838,119757,,,,,,,254100,179694,346606,2789311,1925868,3849538,20226283,14601565,26942639,1.20616793001,1.03949552984,1.35570343638
2020-06-17,744,120501,,,,,,,266457,188990,361788,2921289,2025481,4022271,20492740,14790555,27304427,1.20410946716,1.03114427833,1.35530813879
2020-06-18,718,121219,,,,,,,279070,199272,377100,3060819,2131530,4203417,20771810,14989827,27681527,1.20111291436,1.02450137876,1.35458866135
2020-06-19,670,121889,,,,,,,291832,209720,392688,3207567,2243911,4393086,21063642,15199547,28074215,1.19718866827,1.01614590231,1.35602382304
2020-06-20,604,122493,,,,,,,304619,219516,408009,3361059,2361382,4590097,21368261,15419063,28482224,1.19236191531,1.00664513775,1.35520025652
2020-06-21,285,122778,,,,,,,317300,230050,422523,3520668,2484329,4793205,21685561,15649113,28904747,1.18665361767,0.997471169728,1.35565716352
2020-06-22,389,123167,,,,,,,329735,240543,436933,3685609,2612592,5001814,22015296,15889656,29341680,1.18015666341,0.989227391977,1.35687409162
2020-06-23,847,124014,,,,,,,341788,250535,450912,3854941,2744749,5214398,22357084,16140191,29792592,1.17298113773,0.985475121051,1.35536838812
2020-06-24,759,124773,,,,,,,353328,260448,464234,4027579,2880519,5429177,22710412,16400639,30256826,1.16525661616,0.980791001899,1.35388871284
2020-06-25,551,125324,,,,,,,364244,269710,477559,4202317,3019093,5645456,23074656,16670349,30734385,1.15712218726,0.975023189134,1.35303312116
2020-06-26,617,125941,,,,,,,374443,278398,488229,4377854,3158996,5859692,23449099,16948747,31222614,1.14868345058,0.970150337125,1.35175756035
2020-06-27,504,126445,,,,,,,383862,287032,497749,4552828,3300063,6070080,23832961,17235779,31720363,1.14005773554,0.967346535856,1.351664501
2020-06-28,273,126718,,,,,,,392457,295133,507408,4725849,3441481,6275949,24225418,17530912,32227771,1.13133150588,0.961646283809,1.35040793565
2020-06-29,377,127095,,,,,,,400206,302181,515625,4895536,3582065,6475969,24625624,17833093,32743396,1.12258626711,0.957860198795,1.34903899705
2020-06-30,625,127720,,,,,,,407100,308618,523353,5060541,3720401,6668681,25032724,18141711,33266749,1.11387709692,0.955062898052,1.34801098041
2020-07-01,694,128414,,,,,,,413142,314089,529952,5219583,3854878,6852148,25445866,18455800,33796701,1.10521583876,0.950511146567,1.34506575067
2020-07-02,727,129141,,,,,,,418349,318465,535720,5371476,3984433,7026245,25864215,18774265,34332421,1.09660029071,0.949223877615,1.34043008227
2020-07-03,660,129801,,,,,,,422747,323142,541006,5515153,4108396,7190343,26286962,19097407,34873427,1.08800432398,0.947758678193,1.33430579934
2020-07-04,265,130066,,,,,,,426372,326506,544137,5649693,4225251,7341953,26713334,19423913,35417564,1.07942248045,0.945688554345,1.32566048342
2020-07-05,288,130354,,,,,,,429267,329213,547114,5774340,4334993,7481172,27142601,19753126,35964678,1.07087262897,0.941513804423,1.31391733954
2020-07-06,355,130709,,,,,,,431475,331829,549047,5888516,4436800,7607769,27574076,20084955,36513725,1.06240046136,0.938263585727,1.30222917218
2020-07-07,1222,131931,,,,,,,433038,332974,550618,5991819,4529238,7721486,28007114,20417929,37064343,1.05406923669,0.934688241726,1.29182454628
2020-07-08,863,132794,,,,,,,433997,334357,550881,6084028,4613040,7821421,28441111,20752286,37615224,1.04595103065,0.931986133738,1.28511404925
2020-07-09,1003,133797,,,,,,,434387,335441,552470,6165087,4688005,7909586,28875498,21087727,38167694,1.0381149199,0.929722385692,1.27841427241
2020-07-10,824,134621,,,,,,,434246,335943,552338,6235090,4754197,7984303,29309744,21423670,38720032,1.03061910311,0.926660171659,1.27056003416
2020-07-11,690,135311,,,,,,,433607,336360,551589,6294253,4812122,8047581,29743351,21760030,39271621,1.02351401464,0.925153526093,1.25986602659
2020-07-12,459,135770,,,,,,,432503,336705,549462,6342894,4861773,8099216,30175854,22096735,39821083,1.01683968792,0.923112482753,1.25034452197
2020-07-13,367,136137,,,,,,,430967,335934,547406,6381404,4902563,8139153,30606821,22432669,40368489,1.010619795,0.921056451803,1.23812067248
2020-07-14,926,137063,,,,,,,429029,335075,544796,6410226,4935461,8168293,31035850,22767744,40913285,1.00485850557,0.917499478952,1.21926072544
2020-07-15,968,138031,,,,,,,426718,333014,541695,6429845,4959872,8186627,31462568,23100758,41454980,0.999544950869,0.91530775604,1.2026638069
2020-07-16,943,138974,,,,,,,424062,330719,537927,6440764,4976517,8194628,31886630,23431477,41992907,0.994662482592,0.913782248109,1.19069612544
2020-07-17,930,139904,,,,,,,421087,327662,534721,6443502,4985707,8193686,32307717,23759139,42527628,0.990195468352,0.912960915753,1.18071492753
2020-07-18,868,140772,,,,,,,417819,324663,530754,6438574,4987224,8183495,32725536,24083802,43058382,0.986129765971,0.910632257393,1.16000209032
2020-07-19,447,141219,,,,,,,414283,321242,526231,6426484,4981946,8165641,33139819,24405044,43584613,0.982449285303,0.90591747812,1.14517406184
2020-07-20,514,141733,,,,,,,410503,317965,521475,6407720,4970679,8140042,33550322,24723009,44106088,0.97913318868,0.905191574671,1.13440675416
2020-07-21,1107,142840,,,,,,,406503,314407,516447,6382748,4953234,8107478,33956825,25037416,44622535,0.976155694294,0.904094927378,1.10847834537
2020-07-22,1216,144056,,,,,,,402308,310720,511677,6352018,4930950,8068583,34359133,25348136,45134212,0.973487551656,0.90355329214,1.08913771973
2020-07-23,1094,145150,,,,,,,397937,306746,507121,6315958,4903303,8024875,34757070,25654882,45641333,0.971097783321,0.901813694349,1.07192256929
2020-07-24,1132,146282,,,,,,,393414,302822,501861,6274985,4870644,7974346,35150484,25957704,46143194,0.968955215297,0.900631386062,1.06286402152
2020-07-25,899,147181,,,,,,,388757,298871,497148,6229495,4833529,7919248,35539241,26256575,46640342,0.967029905783,0.899419989946,1.05537174694
2020-07-26,472,147653,,,,,,,383987,294558,492277,6179875,4791673,7860031,35923228,26551133,47132619,0.965294489473,0.898615528437,1.04921386597
2020-07-27,1120,148773,,,,,,,379121,290215,486799,6126493,4745130,7797451,36302349,26841348,47619418,0.963725200892,0.89791574079,1.04092650733
2020-07-28,1374,150147,,,,,,,374176,285553,481285,6069702,4694692,7731421,36676525,27126901,48100703,0.962302286572,0.897247815171,1.03692747302
2020-07-29,1432,151579,,,,,,,369169,281245,475771,6009843,4640813,7662476,37045694,27408146,48576474,0.961009683668,0.89584015496,1.03373332667
2020-07-30,1209,152788,,,,,,,364115,276709,470227,5947240,4584459,7591096,37409809,27684855,49046701,0.959834111068,0.892497937157,1.03240943694
2020-07-31,1243,154031,,,,,,,359028,272023,464715,5882205,4525718,7517966,37768837,27956878,49511416,0.958763934873,0.892007568751,1.02784430986
2020-08-01,1115,155146,,,,,,,353919,266901,459213,5815037,4464912,7442529,38122756,28223779,49970629,0.957788209352,0.891561812424,1.02673565238
2020-08-02,403,155549,,,,,,,348799,261717,454001,5746018,4401933,7365821,38471555,28485496,50424630,0.956896145381,0.890757189551,1.02526600265
2020-08-03,530,156079,,,,,,,343680,256618,448958,5675415,4337284,7288576,38815235,28742114,50873588,0.956077030911,0.890133539211,1.02465855596
2020-08-04,1378,157457,,,,,,,338570,251671,443546,5603482,4270967,7210662,39153805,28993785,51317134,0.955320458136,0.889698363077,1.02401506391
2020-08-05,1376,158833,,,,,,,333476,246819,438011,5530455,4203365,7132236,39487281,29240604,51755145,0.954616661541,0.889273784961,1.02340219585
2020-08-06,1253,160086,,,,,,,328406,242094,432503,5456553,4134729,7053072,39815687,29482698,52187648,0.953956814726,0.888859373597,1.02280018003
2020-08-07,1242,161328,,,,,,,323365,237297,427244,5381981,4065271,6973208,40139052,29719995,52614892,0.953333211177,0.888399399444,1.0221961708
2020-08-08,1077,162405,,,,,,,318360,232465,421573,5306928,3994911,6892932,40457412,29952460,53036465,0.952739319002,0.887748424737,1.02158991499
2020-08-09,511,162916,,,,,,,313675,228014,416567,5231846,3924059,6812374,40771087,30180474,53453032,0.952169735612,0.887303297591,1.0207238134
2020-08-10,527,163443,,,,,,,309021,223608,412170,5156880,3853116,6732276,41080108,30404082,53865202,0.951620079196,0.886729154819,1.02029379826
2020-08-11,1064,164507,,,,,,,304416,219175,407362,5082176,3782080,6652844,41384524,30623257,54272564,0.951086850183,0.885864366878,1.01984768639
2020-08-12,1505,166012,,,,,,,299873,214933,402858,5007873,3711467,6574413,41684397,30838190,54675422,0.950567286707,0.885096340184,1.01914111443
2020-08-13,1070,167082,,,,,,,295422,210734,398422,4934126,3640962,6497066,41979819,31048924,55073844,0.950059228735,0.884282205389,1.01846036869
2020-08-14,1338,168420,,,,,,,291089,206600,393772,4861099,3570853,6420613,42270908,31255524,55467616,0.949560998243,0.88359389502,1.01781650521
2020-08-15,1034,169454,,,,,,,286853,202527,389675,4788925,3501353,6345579,42557761,31458051,55857291,0.949071297902,0.882964963549,1.01729461608
2020-08-16,571,170025,,,,,,,282698,198564,385120,4717704,3433013,6271493,42840459,31656615,56242411,0.948589127928,0.882383799299,1.01674112912
2020-08-17,446,170471,,,,,,,278622,194588,381325,4647527,3365880,6198821,43119081,31851203,56623736,0.948113719231,0.881841499659,1.01621632204
2020-08-18,1325,171796,,,,,,,274626,190766,377356,4578473,3300027,6127228,43393707,32041969,57001092,0.947644480509,0.881332956089,1.01551825977
2020-08-19,1353,173149,,,,,,,270719,187069,373312,4510622,3235421,6056998,43664426,32229038,57374404,0.947180956843,0.880870085146,1.01481950121
2020-08-20,1079,174228,,,,,,,266899,183209,369369,4444045,3171807,5988360,43931325,32412247,57743773,0.946722797557,0.880380691113,1.01411831328
2020-08-21,1105,175333,,,,,,,263162,179542,365821,4378801,3109248,5921677,44194487,32591789,58109594,0.946269731434,0.879925446449,1.01341991813
2020-08-22,982,176315,,,,,,,259504,176068,362557,4314939,3048009,5856987,44453991,32767857,58472151,0.945821547686,0.879504847792,1.0127483912
2020-08-23,450,176765,,,,,,,255924,172722,359662,4252502,2988256,5795070,44709915,32940579,58831813,0.945378081403,0.879114896128,1.01207480943
2020-08-24,442,177207,,,,,,,252574,169508,356900,4191401,2929741,5735405,44962489,33110087,59188713,0.945922275828,0.880779296338,1.01254433398
2020-08-25,1239,178446,,,,,,,249300,166479,354302,4131679,2872603,5677536,45211789,33276566,59543015,0.946473815344,0.881576109365,1.01384370474
2020-08-26,1225,179671,,,,,,,246107,163344,351623,4073371,2816763,5621797,45457896,33439910,59894638,0.947032188965,0.882004455247,1.01426944764
2020-08-27,1111,180782,,,,,,,243002,160206,348642,4016499,2762030,5567578,45700898,33600116,60243280,0.947597346154,0.883017096235,1.01602139738
2020-08-28,971,181753,,,,,,,239997,156995,345703,3961073,2708287,5514853,45940895,33757111,60588983,0.948169226247,0.882698483163,1.01691566988
2020-08-29,958,182711,,,,,,,237107,154003,342873,3907091,2655687,5463952,46178002,33911114,60931856,0.948747755055,0.882038510244,1.01869792736
2020-08-30,310,183021,,,,,,,234319,151099,340318,3854556,2604260,5414598,46412321,34062213,61272174,0.949332819413,0.882393100205,1.02029673495
2020-08-31,573,183594,,,,,,,231623,148256,338498,3803481,2553958,5367985,46643944,34210469,61610672,0.949924262629,0.882939904785,1.02180348833
2020-09-01,1067,184661,,,,,,,229018,145490,336885,3753876,2504869,5323546,46872962,34355959,61947557,0.950521965981,0.882954638261,1.02335506174
2020-09-02,1056,185717,,,,,,,226503,142862,335411,3705753,2456972,5281593,47099465,34498821,62282968,0.951125839569,0.882501006357,1.02534147598
2020-09-03,1070,186787,,,,,,,224082,140486,333962,3659116,2410397,5242232,47323547,34639307,62616930,0.951735794283,0.882169526635,1.02767099231
2020-09-04,965,187752,,,,,,,221755,138206,332820,3613972,2365401,5205671,47545302,34777513,62949750,0.952351739296,0.881108146469,1.0298150524
2020-09-05,783,188535,,,,,,,219518,135995,332090,3570329,2321858,5171921,47764820,34913508,63281840,0.95297356651,0.879913895847,1.03205065389
2020-09-06,403,188938,,,,,,,217370,133803,331466,3528195,2279592,5140803,47982190,35047311,63613306,0.953601167664,0.878545071919,1.03477244629
2020-09-07,267,189205,,,,,,,215308,131733,330610,3487579,2238598,5111717,48197498,35179044,63943916,0.954234440494,0.877178148619,1.03757787735
2020-09-08,445,189650,,,,,,,213333,129699,329981,3448339,2198783,5084763,48410831,35308743,64273897,0.954873285895,0.876030444834,1.03912767886
2020-09-09,1206,190856,,,,,,,211445,127578,328466,3410484,2159872,5058902,48622276,35436321,64602363,0.955517604046,0.875207361116,1.04109359218
2020-09-10,907,191763,,,,,,,209643,125499,327717,3374020,2122016,5034975,48831919,35561820,64930080,0.956167290061,0.873595346641,1.043862366
2020-09-11,1213,192976,,,,,,,207927,123552,327275,3338945,2085354,5013587,49039846,35685372,65257355,0.956822235328,0.872555403751,1.04573355888
2020-09-12,714,193690,,,,,,,206294,121714,327159,3305243,2050068,4995026,49246140,35807086,65584514,0.957482330191,0.871046805097,1.04790434899
2020-09-13,378,194068,,,,,,,204746,119858,327031,3272882,2015919,4979175,49450886,35926944,65911545,0.9581474643,0.869616936979,1.05018206333
2020-09-14,422,194490,,,,,,,203282,118054,327037,3241845,1982871,4965895,49654168,36044998,66238582,0.958817525855,0.868007827331,1.05315250584
2020-09-15,1293,195783,,,,,,,201901,116284,327245,3212124,1950899,4954661,49856069,36161282,66565827,0.959492400122,0.867206812268,1.05666630559
2020-09-16,977,196760,,,,,,,200605,114556,327567,3183712,1919964,4945360,50056674,36275838,66893394,0.960171968993,0.866505433186,1.06022982586
2020-09-17,,,723.654534924,501,1001,197483.654535,197261,197761,199392,112943,327943,3156601,1890044,4937912,50256066,36388781,67221337,0.960856111385,0.865336425874,1.06419532769
2020-09-18,,,710.748028837,488,988,198194.402564,197750,198748,198263,111418,328701,3130782,1860976,4932673,50454329,36500199,67550038,0.961544703519,0.863283575186,1.06829580676
2020-09-19,,,698.146764314,476,975,198892.549328,198226,199722,197218,109794,330383,3106245,1832565,4930265,50651547,36609993,67880421,0.962237618782,0.861961509064,1.07055020255
2020-09-20,,,685.852527054,466,963,199578.401855,198692,200685,196257,108173,331380,3082984,1804745,4929582,50847804,36718166,68211801,0.962934727255,0.860064062655,1.07440197481
2020-09-21,,,673.866908083,454,952,200252.268763,199147,201636,195381,106630,333260,3060996,1777573,4931404,51043185,36824796,68545061,0.963635895285,0.858513170425,1.07855104554
2020-09-22,,,662.191319115,444,941,200914.460082,199592,202577,194591,105074,335222,3040279,1750915,4936032,51237776,36929870,68880283,0.964340985336,0.856436959292,1.082150075
2020-09-23,,,650.826775495,434,930,201565.286858,200026,203506,193886,103686,337379,3020832,1724902,4943437,51431662,37033556,69217662,0.965049855902,0.854586397114,1.08550452711
2020-09-24,,,639.77012319,424,920,202205.056981,200450,204426,193267,102288,339743,3002653,1699611,4954715,51624929,37135844,69557405,0.965762361378,0.852716253098,1.08892971326
2020-09-25,,,629.018420626,414,909,202834.075402,200864,205334,192735,100928,341990,2985746,1675040,4968980,51817664,37236772,69899395,0.96647835178,0.85120424309,1.09198279212
2020-09-26,,,618.568861078,404,898,203452.644263,201269,206232,192292,99620,344784,2970111,1651108,4986475,52009956,37336392,70244179,0.967197672435,0.849110908324,1.09524529131
2020-09-27,,,608.418606462,395,887,204061.062869,201664,207118,191938,98273,347509,2955755,1627669,5006802,52201894,37434665,70591688,0.967920163694,0.847364723663,1.09882214964
2020-09-28,,,598.564571844,385,878,204659.627441,202050,207995,191674,97008,350428,2942683,1604820,5030173,52393568,37531673,70942116,0.968645660688,0.84554876731,1.10236355352
2020-09-29,,,589.003125041,376,870,205248.630566,202427,208864,191501,95771,353520,2930903,1582538,5056631,52585069,37627444,71295636,0.969373993072,0.843740354302,1.10571421489
2020-09-30,,,579.730324963,368,863,205828.360891,202796,209726,191422,94597,356836,2920423,1560853,5086191,52776491,37722041,71652472,0.970104984737,0.841939376874,1.10906045516
2020-10-01,,,573.08893084,361,858,206401.449822,203157,210584,191437,93422,360569,2911255,1539719,5119155,52967928,37815463,72013041,0.97084681154,0.840145727494,1.11240141037
2020-10-02,,,566.677188738,355,854,206968.127011,203513,211437,191548,92301,364311,2903410,1519078,5155491,53159476,37907764,72377352,0.971594571385,0.838453774393,1.11573617078
2020-10-03,,,560.49395805,349,850,207528.620969,203862,212286,191756,91224,368730,2896903,1498885,5195495,53351232,37998988,72746082,0.972344603161,0.836668942925,1.11906377815
2020-10-04,,,554.538103379,343,848,208083.159072,204206,213133,192065,90108,373446,2891750,1479201,5238545,53543297,38089096,73119528,0.973099184654,0.834896733623,1.12238322281
2020-10-05,,,548.808387217,337,846,208631.967459,204543,213979,192475,88980,378926,2887967,1460010,5286086,53735772,38178076,73498454,0.973859548898,0.833163541388,1.12569344057
2020-10-06,,,543.303564984,332,843,209175.271024,204875,214821,192989,88043,384499,2885575,1441424,5337323,53928761,38266119,73882953,0.974623553525,0.831405591165,1.12899330946
2020-10-07,,,538.022456372,326,840,209713.293481,205202,215660,193610,87114,391066,2884594,1423466,5393161,54122371,38353233,74274019,0.975388728559,0.829727815817,1.13228164616
2020-10-08,,,532.963983832,321,836,210246.257464,205523,216495,194339,86257,398226,2885048,1406035,5454007,54316710,38439490,74672245,0.97615558503,0.828234828671,1.13555720231
2020-10-09,,,528.12735277,315,834,210774.384817,205839,217328,195180,85246,405302,2886961,1388992,5519568,54511890,38524736,75077547,0.976932836473,0.826748341272,1.13890385305
2020-10-10,,,523.511760039,310,832,211297.896577,206150,218159,196135,84460,412752,2890360,1372522,5590336,54708025,38609196,75490299,0.977720307518,0.825588992852,1.14231484974
2020-10-11,,,519.116422818,305,831,211817.013,206456,218989,197207,83602,420294,2895275,1356500,5665852,54905232,38692798,75910593,0.978511094226,0.824914248824,1.14568653358
2020-10-12,,,514.940614592,301,830,212331.953615,206757,219818,198400,82853,428545,2901737,1341078,5746902,55103632,38775651,76339138,0.979303095098,0.824819702886,1.14903321829
2020-10-13,,,510.983774881,296,829,212842.93739,207054,220646,199717,82057,437658,2909780,1326124,5834146,55303349,38857708,76776796,0.980098145341,0.824728682829,1.15235563269
2020-10-14,,,507.245596187,291,829,213350.182986,207345,221474,201161,81479,447461,2919439,1311828,5928103,55504510,38939187,77224257,0.980896099944,0.823874666447,1.15565110326
2020-10-15,,,503.725913985,287,828,213853.9089,207633,222301,202736,80651,456632,2930753,1297879,6027906,55707246,39019838,77680889,0.981715095251,0.82313935845,1.15891739933
2020-10-16,,,500.424698494,283,829,214354.333598,207916,223129,204446,80047,466270,2943762,1284500,6133618,55911692,39099885,78147159,0.98253963053,0.822666232012,1.16214745522
2020-10-17,,,497.342074451,279,832,214851.675673,208195,223959,206295,79436,476258,2958509,1271632,6245577,56117987,39179321,78623417,0.983364728424,0.822194265847,1.16504240793
2020-10-18,,,494.478354898,274,835,215346.154028,208470,224793,208288,78722,486649,2975041,1259127,6363501,56326275,39258043,79110066,0.98418975209,0.82199322694,1.16730189455
2020-10-19,,,491.834143589,270,838,215837.988171,208741,225630,210428,78122,497477,2993404,1247141,6487541,56536703,39336165,79607543,0.985017013095,0.822467284168,1.16995396548
2020-10-20,,,489.410253227,267,842,216327.398424,209008,226471,212722,77578,508856,3013651,1235740,6617476,56749425,39413743,80116399,0.985848540581,0.821584934824,1.17209552232
2020-10-21,,,487.207707116,262,846,216814.606131,209272,227316,215173,76989,521182,3035835,1224686,6754164,56964598,39490732,80637581,0.986682726372,0.820152042977,1.17536723924
2020-10-22,,,485.227748422,259,851,217299.83388,209531,228166,217787,76387,534696,3060012,1213962,6897797,57182385,39567119,81172277,0.987532962731,0.820268737933,1.17791543761
2020-10-23,,,483.471860281,255,856,217783.30574,209787,229020,220570,76010,548880,3086243,1203718,7048461,57402955,39643129,81721157,0.988383276161,0.819860776846,1.18110331248
2020-10-24,,,481.941939672,252,862,218265.24768,210039,229881,223526,75515,562508,3114589,1193990,7205675,57626481,39718644,82283665,0.989231683356,0.819455467651,1.18421645309
2020-10-25,,,480.640140038,248,868,218745.88782,210288,230747,226662,75069,577384,3145116,1184602,7370304,57853143,39793713,82861049,0.990079186932,0.818715504465,1.18728513113
2020-10-26,,,479.568880604,245,875,219225.456701,210534,231620,229984,74680,596658,3177892,1175683,7546654,58083127,39868393,83457707,0.990925965646,0.817624325979,1.19075799815
2020-10-27,,,478.730860651,242,881,219704.187561,210777,232499,233498,74296,614758,3212990,1167129,7732849,58316625,39942689,84072465,0.991766552995,0.817364569351,1.19449924812
2020-10-28,,,478.129084564,239,889,220182.316646,211017,233386,237210,73861,633513,3250484,1158938,7928670,58553835,40016550,84705978,0.992603034374,0.816953235577,1.19757758845
2020-10-29,,,477.766894377,236,897,220660.08354,211254,234281,241128,73512,652538,3290451,1150975,8133694,58794963,40090062,85358516,0.993438188574,0.816710361044,1.20063487289
2020-10-30,,,477.647965835,233,906,221137.731506,211487,235185,245256,73204,673109,3332972,1143532,8350110,59040219,40163266,86031625,0.99427125326,0.816445650308,1.20339842823
2020-10-31,,,477.776308311,230,916,221615.507814,211718,236098,249603,72946,693426,3378129,1136433,8577221,59289822,40236212,86725051,0.99509558653,0.816315353338,1.20569462832
2020-11-01,,,478.156271569,227,927,222093.664086,211946,237022,254173,72771,715022,3426007,1129768,8815948,59543995,40308983,87440073,0.995913122601,0.816178109919,1.20725209722
