date,actual_deaths,total_deaths,predicted_deaths_mean,predicted_deaths_lower,predicted_deaths_upper,predicted_total_deaths_mean,predicted_total_deaths_lower,predicted_total_deaths_upper,predicted_new_infected_mean,predicted_new_infected_lower,predicted_new_infected_upper,predicted_current_infected_mean,predicted_current_infected_lower,predicted_current_infected_upper,predicted_total_infected_mean,predicted_total_infected_lower,predicted_total_infected_upper,r_values_mean,r_values_lower,r_values_upper
2020-02-05,0,0,,,,,,,125,65,178,125,65,178,125,65,178,2.26348291404,2.1,2.4
2020-02-06,0,0,,,,,,,125,65,178,250,130,356,250,130,356,2.2634735043,2.09999108887,2.39999969803
2020-02-07,0,0,,,,,,,125,65,178,376,194,534,375,195,534,2.26347031968,2.09998819124,2.39999952107
2020-02-08,0,0,,,,,,,125,65,178,501,260,712,500,260,712,2.26346604467,2.09998435138,2.39999928263
2020-02-09,0,0,,,,,,,287,163,404,788,438,1103,787,423,1116,2.26346030091,2.09997926292,2.39999890627
2020-02-10,0,0,,,,,,,287,163,404,1075,607,1503,1074,586,1520,2.26345257675,2.09997251986,2.39999832919
2020-02-11,0,0,,,,,,,287,163,404,1363,773,1904,1361,749,1924,2.26344217944,2.09996358421,2.39999743574
2020-02-12,0,0,,,,,,,287,163,404,1650,938,2306,1648,912,2328,2.26342816992,2.09995174305,2.39999611333
2020-02-13,0,0,,,,,,,467,280,650,2117,1238,2936,2115,1192,2978,2.26340927358,2.09993605172,2.39999418327
2020-02-14,0,0,,,,,,,674,411,936,2791,1655,3867,2789,1603,3914,2.26335391289,2.09988289648,2.39996710281
2020-02-15,0,0,,,,,,,1216,751,1629,4007,2463,5458,4005,2354,5543,2.26331569071,2.09985102917,2.39995994016
2020-02-16,0,0,,,,,,,2410,1477,3098,6417,4069,8494,6415,3831,8641,2.26325684008,2.09980105654,2.39994321443
2020-02-17,0,0,,,,,,,3889,2511,4926,10306,6715,13330,10304,6342,13567,2.26318145721,2.09973628498,2.39992322864
2020-02-18,0,0,,,,,,,4305,2828,5462,14611,9585,18765,14609,9170,19029,2.26308259316,2.09965247924,2.39989829484
2020-02-19,0,0,,,,,,,5064,3391,6411,19675,13041,25133,19673,12561,25440,2.26295109424,2.09954240025,2.39986460512
2020-02-20,0,0,,,,,,,5202,3498,6603,24752,16486,31550,24875,16059,32043,2.26277370611,2.09939560562,2.39981731679
2020-02-21,0,0,,,,,,,5732,3915,7261,30359,20360,38613,30607,19974,39304,2.26253277822,2.09919849889,2.39974959298
2020-02-22,0,0,,,,,,,6821,4738,8644,37054,25081,47041,37428,24712,47948,2.262208161,2.09895167326,2.39965399549
2020-02-23,0,0,,,,,,,8163,5755,10327,45092,30866,57116,45591,30467,58275,2.26177079918,2.09863201301,2.39951056565
2020-02-24,0,0,,,,,,,10374,7289,13204,55179,38072,69857,55965,37756,71479,2.26117905376,2.09821458097,2.39932061763
2020-02-25,0,0,,,,,,,16255,10885,20673,71147,48970,90006,72220,48641,92152,2.26037564062,2.09766850247,2.39904340991
2020-02-26,0,0,,,,,,,19618,13369,25015,90477,62219,114580,91838,62010,117167,2.25928161445,2.09695309145,2.39861484212
2020-02-27,0,0,,,,,,,21404,14479,27479,111593,76549,141641,113242,76489,144646,2.25779001531,2.09590152347,2.39801889536
2020-02-28,0,0,,,,,,,26042,17428,33775,137168,93694,174757,139284,93917,178421,2.25575363107,2.09434072048,2.39715779638
2020-02-29,1,1,,,,,,,31848,20778,41963,168342,114071,215741,171132,114695,220384,2.25296929954,2.09217156082,2.3958835042
2020-03-01,0,1,,,,,,,41361,26414,55088,208487,139796,269089,212493,141109,275472,2.24915798384,2.08967108981,2.39401056282
2020-03-02,5,6,,,,,,,51444,32505,69140,257521,170936,334995,263937,173614,344612,2.24393858136,2.08607228659,2.39125239537
2020-03-03,1,7,,,,,,,63847,40184,86532,317480,208704,416460,327784,213798,431144,2.23679474633,2.08126927753,2.38718768454
2020-03-04,4,11,,,,,,,78365,48645,107131,391540,254620,517959,406149,262443,538275,2.22703353162,2.07465147478,2.38119975505
2020-03-05,1,12,,,,,,,98035,60358,134721,484512,311685,646084,504184,322801,672996,2.21373876607,2.06591469216,2.37246158413
2020-03-06,2,14,,,,,,,120185,73233,166008,599495,381535,805301,624369,396034,839004,2.19572711585,2.05235291589,2.35965181101
2020-03-07,3,17,,,,,,,145264,88623,201578,739027,466331,999470,769633,484657,1040582,2.17152273139,2.03131867853,2.34191682479
2020-03-08,4,21,,,,,,,172738,106642,238459,904944,568220,1229202,942371,591299,1279041,2.13937986205,2.0013727277,2.3154282078
2020-03-09,1,22,,,,,,,201882,128046,274356,1098664,690370,1493264,1144253,719345,1553397,2.09739727748,1.94437935007,2.27858199064
2020-03-10,6,28,,,,,,,231639,153172,310717,1319928,835986,1790922,1375892,872517,1864114,2.04377362354,1.86870177694,2.24811332982
2020-03-11,5,33,,,,,,,258247,176018,345412,1561920,1001068,2115609,1634139,1048535,2209526,1.97722453312,1.78392178109,2.20988038638
2020-03-12,10,43,,,,,,,280081,193310,372837,1822384,1180864,2463453,1914220,1241845,2582363,1.89749844351,1.6881473242,2.15519949842
2020-03-13,8,51,,,,,,,296925,206262,392863,2097905,1372527,2828810,2211145,1448107,2975226,1.80581156661,1.57117168711,2.10287257072
2020-03-14,7,58,,,,,,,308533,214334,404123,2380396,1569360,3199095,2519678,1662441,3379349,1.70497112608,1.45637788789,2.04392926215
2020-03-15,12,70,,,,,,,316250,220980,414627,2664798,1769637,3571594,2835928,1883421,3793976,1.59906559728,1.32942631032,1.97741030153
2020-03-16,27,97,,,,,,,320530,226705,424682,2943967,1970188,3940999,3156458,2110126,4218658,1.492814872,1.21861508581,1.89102294848
2020-03-17,35,132,,,,,,,322281,231327,429424,3214804,2169442,4301069,3478739,2341453,4648082,1.39081678779,1.12450578771,1.78437089778
2020-03-18,59,191,,,,,,,322374,234494,429936,3473331,2364412,4644205,3801113,2575947,5078018,1.29691441524,1.05213540567,1.66584659128
2020-03-19,73,264,,,,,,,321335,237458,427281,3716300,2554145,4963918,4122448,2813405,5505299,1.21380235594,1.00019194955,1.5444600511
2020-03-20,99,363,,,,,,,319638,239815,425029,3937902,2734789,5253606,4442086,3053220,5930328,1.14288751105,0.964105884919,1.43384167588
2020-03-21,99,462,,,,,,,317399,241266,422665,4135116,2904233,5509592,4759485,3294486,6352993,1.08436780233,0.938528071575,1.33511933829
2020-03-22,110,572,,,,,,,314720,241939,418185,4304571,3059120,5725471,5074205,3536425,6771178,1.0374752948,0.921777641291,1.25244500023
2020-03-23,189,761,,,,,,,311740,242089,412122,4443573,3196221,5898390,5385945,3778514,7183300,1.00081370008,0.900385219246,1.17547549457
2020-03-24,239,1000,,,,,,,308505,242021,404337,4550195,3311932,6027496,5694450,4020535,7587637,0.972703478353,0.881869537801,1.11226944595
2020-03-25,324,1324,,,,,,,305052,241225,397110,4623609,3401667,6112819,5999502,4261760,7984747,0.951458333157,0.869373251264,1.06021794965
2020-03-26,408,1732,,,,,,,301377,239274,390585,4666739,3466408,6157077,6300879,4501034,8375332,0.935558262135,0.85997316492,1.02234074892
2020-03-27,518,2250,,,,,,,297464,235293,383298,4684122,3509053,6166673,6598343,4736327,8758630,0.923727118801,0.853439157798,0.994376001344
2020-03-28,633,2883,,,,,,,293320,231147,375735,4680517,3533801,6148749,6891663,4967474,9134365,0.914944059173,0.849190530401,0.97829961743
2020-03-29,586,3469,,,,,,,288980,226889,368462,4660964,3545501,6112372,7180643,5194363,9502827,0.90841913462,0.845677620823,0.967127953662
2020-03-30,692,4161,,,,,,,284395,222607,361145,4629108,3545674,6058478,7465038,5416970,9863972,0.903554844513,0.843282609626,0.959243305406
2020-03-31,1085,5246,,,,,,,279614,218132,353428,4588192,3535271,5987342,7744652,5635102,10217400,0.899906229809,0.841850971132,0.95393836779
2020-04-01,1172,6418,,,,,,,274654,213751,346256,4540565,3515722,5904687,8019306,5848853,10563656,0.897145387905,0.840733531776,0.950371571683
2020-04-02,1503,7921,,,,,,,269539,209044,339053,4487730,3488443,5814663,8288845,6057897,10902709,0.895032343815,0.839658729893,0.947672272005
2020-04-03,1392,9313,,,,,,,264297,204677,332728,4430692,3454022,5721067,8553142,6262574,11235437,0.893392238738,0.838584100871,0.945509637219
2020-04-04,1523,10836,,,,,,,258951,200479,325858,4370006,3413293,5622918,8812093,6463053,11561295,0.892097986084,0.837789228786,0.943831751893
2020-04-05,1590,12426,,,,,,,253535,196057,319360,4306142,3367072,5520830,9065628,6659110,11880655,0.891057334668,0.83723442495,0.942403916705
2020-04-06,1770,14196,,,,,,,248080,191632,312702,4239502,3316120,5416612,9313708,6850742,12193357,0.890203339388,0.836510046478,0.941257728012
2020-04-07,2571,16767,,,,,,,242620,187232,305994,4170382,3260899,5311684,9556328,7037974,12499351,0.889487398829,0.83586578191,0.940466865468
2020-04-08,2146,18913,,,,,,,237184,182921,299394,4099062,3201609,5207704,9793512,7220895,12798745,0.888874194664,0.835373432861,0.939792922925
2020-04-09,2228,21141,,,,,,,231801,178584,292739,4025811,3138833,5104051,10025313,7399479,13091484,0.888338025048,0.834857518438,0.939308009098
2020-04-10,2218,23359,,,,,,,226491,174439,286000,3950925,3073844,5000041,10251804,7573918,13377484,0.887860152806,0.834477798561,0.938723758849
2020-04-11,2119,25478,,,,,,,221274,170120,279609,3874734,3008545,4896764,10473078,7744038,13657093,0.887423946636,0.834116355724,0.938245071475
2020-04-12,1816,27294,,,,,,,216161,166030,273430,3797575,2943335,4794726,10689239,7910068,13930523,0.88702337518,0.833771060286,0.9378526593
2020-04-13,1946,29240,,,,,,,211161,161938,267458,3719757,2878328,4693869,10900400,8072006,14197981,0.886651522911,0.833383407374,0.937497180965
2020-04-14,2455,31695,,,,,,,206280,157988,261718,3641642,2813688,4594509,11106680,8229994,14459699,0.886300208669,0.833054763685,0.937175966023
2020-04-15,2609,34304,,,,,,,201519,154121,256282,3563547,2749685,4497372,11308199,8384115,14715981,0.885975037202,0.832744731156,0.936869305613
2020-04-16,2176,36480,,,,,,,196879,150312,250857,3485773,2686275,4401958,11505078,8534427,14966838,0.885664051454,0.832449035191,0.936571063368
2020-04-17,2093,38573,,,,,,,192359,146652,245710,3408593,2623916,4308606,11697437,8681079,15212548,0.885370303757,0.832188365218,0.93625913568
2020-04-18,1960,40533,,,,,,,187956,142987,240568,3332252,2562269,4216436,11885393,8824066,15453116,0.885090488357,0.831979108089,0.935994819645
2020-04-19,1931,42464,,,,,,,183666,139402,235717,3256967,2501224,4126297,12069059,8963468,15688833,0.884826139559,0.831743106667,0.9357142463
2020-04-20,2186,44650,,,,,,,179489,135877,231034,3182921,2441053,4037996,12248548,9099345,15919867,0.8845762768,0.831487358167,0.935444012231
2020-04-21,2548,47198,,,,,,,175419,132409,226428,3110259,2381825,3951774,12423967,9231754,16146295,0.884341634056,0.83129094697,0.935194069053
2020-04-22,2434,49632,,,,,,,171454,129092,221997,3039093,2323653,3867882,12595421,9360846,16368292,0.884124066205,0.831062594444,0.934965395614
2020-04-23,2466,52098,,,,,,,167592,125883,217762,2969501,2266577,3786373,12763013,9486729,16586054,0.883926859282,0.830859436784,0.934692928947
2020-04-24,2154,54252,,,,,,,163831,122424,213638,2901531,2210377,3707413,12926844,9609153,16799692,0.883754476788,0.830703002849,0.934439598163
2020-04-25,1698,55950,,,,,,,160170,119160,209549,2835210,2155052,3631097,13087014,9728313,17009241,0.88361286805,0.830498692486,0.934196300202
2020-04-26,1329,57279,,,,,,,156607,116058,205653,2770543,2100955,3557259,13243621,9844371,17214894,0.883510686606,0.830385168139,0.933970122614
2020-04-27,1466,58745,,,,,,,153141,113130,201842,2707523,2048022,3485768,13396762,9957501,17416736,0.883459159155,0.830305622865,0.933743295574
2020-04-28,2241,60986,,,,,,,149769,109978,198135,2646131,1996031,3416526,13546531,10067479,17614871,0.883473607484,0.830293428687,0.933644381503
2020-04-29,2521,63507,,,,,,,146494,107063,194491,2586346,1945076,3349362,13693025,10174542,17809362,0.883574481975,0.830284621473,0.933515014568
2020-04-30,2322,65829,,,,,,,143315,104166,190982,2528141,1895090,3284107,13836340,10278708,18000344,0.883788846088,0.830270504373,0.933503979046
2020-05-01,1891,67720,,,,,,,140234,101443,187726,2471496,1846193,3221003,13976574,10380151,18188070,0.884152146329,0.830193375921,0.933351990096
2020-05-02,1692,69412,,,,,,,137250,98744,184493,2416387,1798255,3159802,14113824,10478895,18372563,0.884710206611,0.830372584301,0.933433963991
2020-05-03,1120,70532,,,,,,,134365,96158,181440,2362797,1751398,3100680,14248189,10575053,18554003,0.885521109544,0.830417950547,0.93364269998
2020-05-04,1333,71865,,,,,,,131586,93707,178441,2310716,1705676,3043401,14379775,10668760,18732444,0.886656534535,0.830574675409,0.934147658501
2020-05-05,2318,74183,,,,,,,128914,91335,175581,2260141,1661109,2987940,14508689,10760095,18908025,0.888201673601,0.830990747193,0.935234987318
2020-05-06,2364,76547,,,,,,,126354,88919,172808,2211077,1617594,2934305,14635043,10849014,19080833,0.890252516047,0.83124943088,0.93989506972
2020-05-07,1934,78481,,,,,,,123913,86664,170174,2163536,1575144,2882469,14758956,10935678,19251007,0.892909211511,0.831770502905,0.95289003918
2020-05-08,1747,80228,,,,,,,121598,84622,167715,2117542,1533864,2832408,14880554,11020300,19418722,0.896265002631,0.832073910422,0.969579148059
2020-05-09,1488,81716,,,,,,,119419,82666,165388,2073130,1494091,2784148,14999973,11102966,19584110,0.900392465201,0.832277252327,0.990351823868
2020-05-10,893,82609,,,,,,,117386,80844,163098,2030346,1455764,2737686,15117359,11183810,19747208,0.905332188173,0.832851422624,1.01650707003
2020-05-11,1014,83623,,,,,,,115512,79084,161114,1989250,1418781,2693137,15232871,11262894,19908322,0.911091005211,0.833130136842,1.04828817879
2020-05-12,1627,85250,,,,,,,113810,77560,159394,1949920,1383206,2650681,15346681,11340454,20067716,0.91765345294,0.834068467798,1.07787722614
2020-05-13,1764,87014,,,,,,,112296,76130,157798,1912446,1349358,2610337,15458977,11416584,20225514,0.925001031445,0.835015344294,1.10375425683
2020-05-14,1783,88797,,,,,,,110984,74925,156504,1876936,1317222,2572345,15569961,11491509,20382018,0.933126876557,0.836420666911,1.1271224438
2020-05-15,1681,90478,,,,,,,109891,73925,155454,1843512,1286986,2536807,15679852,11565434,20537472,0.94203750352,0.83835530794,1.14761291621
2020-05-16,1216,91694,,,,,,,109032,73091,154503,1812311,1258641,2503576,15788884,11638525,20691975,0.951745049202,0.841186102354,1.16704317671
2020-05-17,758,92452,,,,,,,108421,72370,153937,1783482,1232278,2473008,15897305,11710895,20845912,0.962258699552,0.845020207678,1.18103218541
2020-05-18,1172,93624,,,,,,,108071,71839,153809,1757187,1207974,2445361,16005376,11782734,20999721,0.973576124696,0.850247978422,1.19442826716
2020-05-19,1552,95176,,,,,,,107994,71486,154029,1733595,1185771,2420924,16113370,11854220,21153750,0.985666300656,0.857019832044,1.22530295369
2020-05-20,1526,96702,,,,,,,108203,71364,154555,1712884,1165828,2399868,16221573,11925584,21308305,0.998440736464,0.865615869431,1.23648191826
2020-05-21,1217,97919,,,,,,,108706,71536,155432,1695236,1148479,2382455,16330279,11997120,21463737,1.01172829756,0.875380243864,1.25190872351
2020-05-22,1244,99163,,,,,,,109514,71984,156617,1680837,1133840,2368858,16439793,12069104,21620354,1.02527853198,0.875708112033,1.25716235721
2020-05-23,1109,100272,,,,,,,110637,72702,158190,1669876,1121970,2359291,16550430,12141806,21778544,1.03880449916,0.875815411707,1.26704993715
2020-05-24,622,100894,,,,,,,112085,73745,159980,1662542,1113102,2353845,16662515,12215551,21938524,1.05204830789,0.876028397085,1.278501148
2020-05-25,548,101442,,,,,,,113865,74920,162293,1659021,1107234,2353001,16776380,12290471,22100817,1.06483530794,0.876655112503,1.28708482471
2020-05-26,662,102104,,,,,,,115998,76508,164918,1659508,1104713,2356769,16892378,12366979,22265735,1.07709035107,0.878340263787,1.29749798084
2020-05-27,1518,103622,,,,,,,118494,78286,167775,1664192,1105493,2365112,17010872,12445265,22433510,1.08881520419,0.879524383373,1.30703632075
2020-05-28,1178,104800,,,,,,,121360,80525,171410,1673257,1109939,2378677,17132232,12525790,22604920,1.10004670607,0.881593489804,1.31205840293
2020-05-29,1160,105960,,,,,,,124609,83059,175503,1686882,1118123,2397629,17256841,12608849,22780423,1.1108257097,0.883485265634,1.3176469549
2020-05-30,963,106923,,,,,,,128257,85819,180116,1705247,1130060,2422240,17385098,12694668,22960539,1.12121233081,0.88690360857,1.32567687109
2020-05-31,581,107504,,,,,,,132322,88777,185181,1728537,1145788,2452872,17517420,12783445,23145720,1.13125078727,0.89165269788,1.33464653222
2020-06-01,776,108280,,,,,,,136827,92244,191041,1756943,1165712,2489925,17654247,12875689,23336761,1.14098106622,0.898360011005,1.34128236206
2020-06-02,1068,109348,,,,,,,141787,96086,197008,1790660,1190006,2533070,17796034,12971775,23533769,1.15038175399,0.907949132288,1.34760010226
2020-06-03,1007,110355,,,,,,,147224,100240,204110,1829890,1218791,2583075,17943258,13072015,23737879,1.15938289805,0.920431540686,1.3520006673
2020-06-04,1023,111378,,,,,,,153160,104675,211469,1874847,1252132,2639905,18096418,13176690,23949348,1.16785525297,0.930650291183,1.35487775669
2020-06-05,914,112292,,,,,,,159612,109634,219672,1925753,1290253,2704057,18256030,13286324,24169020,1.17568569538,0.937000608898,1.35549981273
2020-06-06,659,112951,,,,,,,166600,114796,228361,1982838,1333081,2775707,18422630,13401120,24397381,1.18278896684,0.942521603918,1.35525374665
2020-06-07,438,113389,,,,,,,174144,120447,237924,2046345,1380831,2855338,18596774,13521567,24635305,1.18908087952,0.950134098584,1.35262869557
2020-06-08,519,113908,,,,,,,182259,126662,248882,2116520,1433745,2944125,18779033,13648229,24884187,1.19453028044,0.959167154067,1.35353297468
2020-06-09,950,114858,,,,,,,190957,133216,260508,2193611,1492040,3042234,18969990,13781445,25144695,1.19908364603,0.9719899533,1.35304555718
2020-06-10,901,115759,,,,,,,200241,140323,272117,2277853,1555848,3149353,19170231,13921768,25416812,1.20272759465,0.986455892222,1.35345437135
2020-06-11,871,116630,,,,,,,210111,148056,285129,2369470,1625606,3266667,19380342,14069824,25701941,1.20545982221,1.00996310303,1.35353786615
2020-06-12,828,117458,,,,,,,220554,155965,298305,2468664,1701036,3393547,19600896,14225789,26000246,1.20726955138,1.03936658329,1.35382041405
2020-06-13,759,118217,,,,,,,231549,164205,313114,2575603,1782176,3531148,19832445,14389994,26313360,1.20816515974,1.05747212769,1.35557349708
2020-06-14,308,118525,,,,,,,243060,172776,327525,2690407,1869121,3678550,20075505,14562770,26640885,1.2081143149,1.0535276307,1.35475633134
2020-06-15,394,118919,,,,,,,255037,182056,342145,2813121,1962392,3835560,20330542,14744826,26983030,1.20712888201,1.04860832832,1.3561502533
2020-06-16,838,119757,,,,,,,267415,191402,357422,2943709,2061552,4002020,20597957,14936228,27340452,1.20518454366,1.03944590771,1.35600997461
2020-06-17,744,120501,,,,,,,280111,201363,372725,3082033,2166835,4177854,20878068,15137591,27713177,1.20228552789,1.02759006857,1.35704478004
2020-06-18,718,121219,,,,,,,293032,211379,387209,3227841,2277966,4361038,21171100,15348970,28100386,1.19843945994,1.01230333466,1.35780615075
2020-06-19,670,121889,,,,,,,306064,221621,403343,3380746,2394903,4552953,21477164,15570591,28503729,1.19363744912,1.00742838808,1.35814284929
2020-06-20,604,122493,,,,,,,319088,232135,418322,3540222,2517399,4751584,21796252,15802726,28922051,1.18789762542,0.992752680812,1.3580710512
2020-06-21,285,122778,,,,,,,331971,242569,433438,3705593,2645168,4956676,22128223,16045295,29355489,1.18123740793,0.989057263695,1.35766767994
2020-06-22,389,123167,,,,,,,344580,253532,448515,3876029,2778232,5167236,22472803,16298827,29804004,1.17375689635,0.983833319048,1.35695605594
2020-06-23,847,124014,,,,,,,356785,264168,462362,4050555,2915716,5380651,22829588,16562995,30266366,1.16558485963,0.976107817673,1.35560956334
2020-06-24,759,124773,,,,,,,368465,274549,475337,4228064,3057022,5595407,23198053,16837544,30741703,1.15687146113,0.970476546191,1.35406497343
2020-06-25,551,125324,,,,,,,379516,284410,488109,4407339,3201105,5811382,23577569,17121954,31229812,1.14777416934,0.963887273305,1.35303307701
2020-06-26,617,125941,,,,,,,389851,293588,499767,4587079,3346663,6026052,23967420,17415542,31729579,1.13841598208,0.957075591294,1.35166092512
2020-06-27,504,126445,,,,,,,399402,303177,511052,4765927,3493915,6238844,24366822,17718719,32240631,1.12892785065,0.945758366354,1.35162289757
2020-06-28,273,126718,,,,,,,408124,311123,520687,4942502,3640906,6446488,24774946,18029842,32761318,1.11940887221,0.941215671158,1.3502310279
2020-06-29,377,127095,,,,,,,415988,317787,530266,5115430,3786013,6649345,25190934,18347629,33291584,1.10994549438,0.93486882066,1.34654681654
2020-06-30,625,127720,,,,,,,422987,323502,537403,5283380,3927521,6844708,25613921,18671131,33828987,1.10059504156,0.930547252627,1.34399385636
2020-07-01,694,128414,,,,,,,429128,329896,544066,5445094,4066091,7031469,26043049,19001027,34373053,1.09137255423,0.927110701107,1.34172033672
2020-07-02,727,129141,,,,,,,434431,335120,550411,5599413,4199893,7209246,26477480,19336147,34923464,1.0822746193,0.923193816422,1.33353575069
2020-07-03,660,129801,,,,,,,438926,339338,554975,5745307,4327871,7377014,26916406,19675485,35478439,1.07327590415,0.920629969229,1.32294837235
2020-07-04,265,130066,,,,,,,442648,343318,559211,5881891,4449565,7532884,27359054,20018803,36037650,1.06437183328,0.91722919689,1.31404510074
2020-07-05,288,130354,,,,,,,445641,345993,562295,6008444,4563392,7676803,27804695,20364796,36599945,1.05558485733,0.912460705795,1.30916903252
2020-07-06,355,130709,,,,,,,447947,348505,565399,6124419,4669269,7808727,28252642,20713301,37165344,1.0469667747,0.908517225849,1.29930453324
2020-07-07,1222,131931,,,,,,,449610,349924,566519,6229449,4765591,7926693,28702252,21063225,37731863,1.03858559484,0.905050249668,1.28539850618
2020-07-08,863,132794,,,,,,,450676,351182,567795,6323341,4852517,8032064,29152928,21414407,38299658,1.03051362587,0.903639518319,1.27929339834
2020-07-09,1003,133797,,,,,,,451187,351809,568014,6406062,4929724,8124699,29604115,21766216,38867672,1.0228145951,0.901955247022,1.27173649741
2020-07-10,824,134621,,,,,,,451180,352046,567908,6477727,4997349,8204484,30055295,22118262,39435580,1.01553953921,0.899077355753,1.26002408077
2020-07-11,690,135311,,,,,,,450693,351588,567975,6538569,5055354,8272690,30505988,22469850,40003555,1.00873056178,0.898163492004,1.25072330542
2020-07-12,459,135770,,,,,,,449759,350970,566858,6588926,5103170,8328507,30955747,22820820,40570413,1.00241932863,0.897363308733,1.23622936588
2020-07-13,367,136137,,,,,,,448408,349784,565563,6629210,5141834,8373400,31404155,23170604,41135976,0.996621049731,0.894970048336,1.22023879082
2020-07-14,926,137063,,,,,,,446668,348364,564448,6659890,5172397,8407635,31850823,23518968,41700424,0.991330226383,0.893669857829,1.2015183193
2020-07-15,968,138031,,,,,,,444568,347057,562305,6681471,5195925,8432579,32295391,23866025,42262729,0.986523834343,0.893064512167,1.18062891949
2020-07-16,943,138974,,,,,,,442132,344753,559486,6694475,5210738,8448038,32737523,24210778,42822215,0.982170310389,0.891834502835,1.16935528029
2020-07-17,930,139904,,,,,,,439387,342429,555757,6699431,5217994,8453420,33176910,24553207,43377972,0.978237721125,0.890599821548,1.15546485235
2020-07-18,868,140772,,,,,,,436355,340065,552298,6696860,5218676,8450786,33613265,24893272,43930270,0.974696744364,0.890139324767,1.13735718118
2020-07-19,447,141219,,,,,,,433060,336520,548692,6687272,5211825,8440306,34046325,25229792,44478962,0.971519515145,0.889699771475,1.12376956771
2020-07-20,514,141733,,,,,,,429525,333255,545109,6671156,5199007,8423161,34475850,25563047,45024071,0.968677784477,0.887193835926,1.10262827008
2020-07-21,1107,142840,,,,,,,425772,329749,541202,6648981,5180168,8398997,34901622,25892796,45565273,0.966142283398,0.882151210935,1.08436992239
2020-07-22,1216,144056,,,,,,,421821,326314,536227,6621191,5156490,8368740,35323443,26219110,46101500,0.963883054218,0.879300592805,1.06804853574
2020-07-23,1094,145150,,,,,,,417691,323000,531766,6588206,5128250,8332732,35741134,26542110,46633266,0.9618700406,0.87696595977,1.05070667533
2020-07-24,1132,146282,,,,,,,413402,319196,527906,6550421,5095588,8292650,36154536,26861306,47161172,0.960073761692,0.876030036823,1.04259478874
2020-07-25,899,147181,,,,,,,408971,315086,523938,6508212,5058582,8248708,36563507,27176392,47685110,0.95846617668,0.875617483071,1.03856802049
2020-07-26,472,147653,,,,,,,404415,310501,519674,6461934,5017456,8200426,36967922,27486893,48204784,0.957021671168,0.875083322265,1.03794073594
2020-07-27,1120,148773,,,,,,,399748,306320,515419,6411923,4972772,8149012,37367670,27793213,48720203,0.955717880465,0.873988635395,1.03603603874
2020-07-28,1374,150147,,,,,,,394987,301525,510677,6358503,4924465,8094142,37762657,28094738,49230880,0.954536057046,0.8729717581,1.03300957416
2020-07-29,1432,151579,,,,,,,390143,296759,506093,6301978,4872808,8035825,38152800,28391497,49736973,0.95346086036,0.872351818428,1.02923099457
2020-07-30,1209,152788,,,,,,,385231,292125,501155,6242641,4817836,7974700,38538031,28683622,50238128,0.952479675141,0.871940432111,1.0280544605
2020-07-31,1243,154031,,,,,,,380262,287299,497249,6180771,4760351,7912480,38918293,28970921,50735377,0.95158173207,0.87156062649,1.0262831694
2020-08-01,1115,155146,,,,,,,375246,282485,492425,6116630,4700380,7849169,39293539,29253406,51227802,0.950757332815,0.871206604709,1.02509860502
2020-08-02,403,155549,,,,,,,370193,277555,487828,6050468,4637856,7784729,39663732,29530961,51715630,0.949997371631,0.870873924109,1.02416843631
2020-08-03,530,156079,,,,,,,365113,272534,482799,5982521,4573856,7718855,40028845,29803495,52198429,0.949293180611,0.870559170998,1.02331163471
2020-08-04,1378,157457,,,,,,,360014,267619,478198,5913010,4508217,7651959,40388859,30071114,52676627,0.948636602233,0.870259713296,1.02279872319
2020-08-05,1376,158833,,,,,,,354903,262157,473616,5842141,4440624,7584372,40743762,30333271,53150243,0.948020154239,0.86997351261,1.02228483149
2020-08-06,1253,160086,,,,,,,349788,256940,468668,5770108,4371251,7516820,41093550,30590211,53618911,0.947437180218,0.869698981605,1.02176963592
2020-08-07,1242,161328,,,,,,,344676,251810,463986,5697093,4300065,7449039,41438226,30842021,54082897,0.946881932018,0.869434875789,1.02138519691
2020-08-08,1077,162405,,,,,,,339573,246940,459137,5623264,4227816,7380278,41777799,31088961,54542034,0.946349574811,0.869180211455,1.02093571439
2020-08-09,511,162916,,,,,,,334485,241871,454362,5548778,4154611,7310703,42112284,31330832,54996396,0.945836130747,0.868934203457,1.02023898659
2020-08-10,527,163443,,,,,,,329418,237026,449445,5473781,4081145,7240481,42441702,31567858,55445841,0.945338384962,0.868696218025,1.01970735954
2020-08-11,1064,164507,,,,,,,324377,232156,444370,5398410,4006987,7169439,42766079,31800014,55890211,0.944853775483,0.868465736988,1.01917347784
2020-08-12,1505,166012,,,,,,,319366,226989,439546,5322789,3932459,7098323,43085445,32027003,56329757,0.944380282533,0.867581649703,1.0186373744
2020-08-13,1070,167082,,,,,,,314390,222242,435092,5247035,3857944,7027349,43399835,32249245,56764849,0.943916326519,0.867309957559,1.01788044129
2020-08-14,1338,168420,,,,,,,309452,217446,430377,5171256,3783267,6956591,43709287,32466691,57195226,0.943460679136,0.867045844015,1.01722429528
2020-08-15,1034,169454,,,,,,,304556,212774,425440,5095550,3708739,6884785,44013843,32679465,57620666,0.943012388806,0.867586051933,1.01657521061
2020-08-16,571,170025,,,,,,,299704,208168,420583,5020009,3634422,6812961,44313547,32887633,58041249,0.942570719799,0.867323618642,1.01593709135
2020-08-17,446,170471,,,,,,,294900,203512,415332,4944715,3560375,6740488,44608447,33091145,58456581,0.942135103492,0.866407895221,1.01528605093
2020-08-18,1325,171796,,,,,,,290145,199206,410528,4869747,3487041,6668236,44898592,33290351,58867109,0.941705099902,0.866319302829,1.01463605074
2020-08-19,1353,173149,,,,,,,285441,194775,406314,4795174,3414195,6596376,45184033,33485126,59273423,0.941280367651,0.866114151058,1.01396577985
2020-08-20,1079,174228,,,,,,,280791,190533,401630,4721062,3342569,6524406,45464824,33675659,59675053,0.940860640689,0.86598197398,1.0132933049
2020-08-21,1105,175333,,,,,,,276195,186305,396785,4647469,3271931,6452534,45741019,33861964,60071838,0.940445710375,0.865668275355,1.01263920044
2020-08-22,982,176315,,,,,,,271654,182144,392137,4574447,3202264,6380693,46012673,34044108,60463975,0.940035411729,0.865364816494,1.01193986819
2020-08-23,450,176765,,,,,,,267170,177859,387295,4502044,3133180,6308859,46279843,34221967,60851270,0.939629612932,0.865070981789,1.01130289046
2020-08-24,442,177207,,,,,,,263006,173945,382722,4430564,3065248,6237227,46542849,34395912,61233992,0.940176927751,0.867352459622,1.01123024617
2020-08-25,1239,178446,,,,,,,258892,170152,378501,4360039,2998365,6166293,46801741,34566064,61612493,0.94073136144,0.86860049692,1.01106693431
2020-08-26,1225,179671,,,,,,,254842,166371,374188,4290503,2932574,6096128,47056583,34732435,61986681,0.941292456312,0.869110097418,1.01236057928
2020-08-27,1111,180782,,,,,,,250867,162724,370157,4222004,2868305,6026759,47307450,34895159,62356838,0.941860168321,0.870083079276,1.01334325559
2020-08-28,971,181753,,,,,,,246992,159135,366176,4154606,2805193,5957863,47554442,35054294,62723014,0.942434442389,0.871015075181,1.01446363576
2020-08-29,958,182711,,,,,,,243245,155712,362467,4088399,2743455,5889971,47797687,35210006,63085481,0.943015209878,0.870594071876,1.01619814959
2020-08-30,310,183021,,,,,,,239603,152380,358859,4023446,2683056,5823399,48037290,35362386,63444340,0.94360236609,0.871018284309,1.01829496688
2020-08-31,573,183594,,,,,,,236051,149146,355107,3959792,2624029,5757930,48273341,35511532,63799447,0.944195766506,0.87023644019,1.0205140585
2020-09-01,1067,184661,,,,,,,232587,146009,351808,3897479,2566519,5694410,48505928,35657541,64151255,0.944795300429,0.870107310725,1.02278331252
2020-09-02,1056,185717,,,,,,,229212,142987,348623,3836546,2510291,5632503,48735140,35800528,64499878,0.945400882887,0.868746832149,1.02465231046
2020-09-03,1070,186787,,,,,,,225935,140144,345872,3777040,2455650,5572056,48961075,35940672,64845750,0.946012429516,0.867754147319,1.02722301544
2020-09-04,965,187752,,,,,,,222754,137206,343249,3719003,2402318,5513662,49183829,36077878,65188999,0.946629854407,0.867805584936,1.02936730064
2020-09-05,783,188535,,,,,,,219665,134432,340674,3662473,2350443,5457522,49403494,36212310,65529673,0.947253056172,0.867224917494,1.03165317435
2020-09-06,403,188938,,,,,,,216665,131720,337694,3607485,2300018,5403045,49620159,36344030,65867367,0.947881933379,0.86811500429,1.0334450441
2020-09-07,267,189205,,,,,,,213753,129108,335012,3554067,2251269,5350733,49833912,36473138,66202379,0.948516390131,0.868652559316,1.03548163048
2020-09-08,445,189650,,,,,,,210929,126504,332902,3501990,2203828,5300889,50044841,36599642,66535281,0.949156333552,0.869043641081,1.03812472177
2020-09-09,1206,190856,,,,,,,208194,124034,330657,3451292,2157712,5253031,50253035,36723676,66865938,0.94980167033,0.869414843384,1.04032080639
2020-09-10,,,729.753845608,517,1015,191585.753846,191373,191871,205546,121643,327933,3401996,2112988,5206756,50458581,36845319,67193871,0.950452302826,0.868980253774,1.04251480591
2020-09-11,,,720.780472033,507,1008,192306.534318,191881,192878,202985,119380,325866,3354114,2069649,5162452,50661566,36964699,67519737,0.951108130288,0.869394402967,1.04468898966
2020-09-12,,,711.813397853,499,999,193018.347715,192380,193877,200508,116995,323927,3307630,2027514,5120200,50862074,37081694,67843664,0.95176905126,0.868398718558,1.0472275381
2020-09-13,,,702.86885813,489,992,193721.216574,192870,194868,198116,114791,321901,3262501,1986597,5079637,51060190,37196485,68165565,0.952434963907,0.867986732961,1.04976775458
2020-09-14,,,693.959862538,480,983,194415.176436,193350,195851,195808,112477,319804,3218706,1946695,5040581,51255998,37308962,68485369,0.953105765344,0.866316289232,1.05214424224
2020-09-15,,,685.099737199,472,974,195100.276173,193822,196824,193584,110423,317822,3176239,1907976,5003295,51449582,37419385,68803191,0.953781350315,0.864194255666,1.05470211083
2020-09-16,,,676.301993443,463,966,195776.578167,194286,197790,191443,108439,316054,3135095,1870410,4967544,51641025,37527824,69119245,0.954461610791,0.862264781982,1.05721134087
2020-09-17,,,667.579981265,454,957,196444.158148,194741,198747,189384,106481,314611,3095267,1833905,4933530,51830409,37634305,69433856,0.955146436338,0.861250159439,1.06096622296
2020-09-18,,,658.946245254,446,950,197103.104393,195187,199696,187407,104550,313545,3056739,1798314,4901206,52017816,37738855,69747401,0.955835714362,0.861044858619,1.06435677362
2020-09-19,,,650.409776183,438,942,197753.51417,195626,200638,185511,102643,312498,3019496,1763752,4870455,52203327,37841498,70059899,0.956529329993,0.860290273429,1.06711429768
2020-09-20,,,641.979606531,430,934,198395.493776,196056,201571,183697,100743,311553,2983527,1730063,4841329,52387024,37942241,70371452,0.957227165658,0.858851936081,1.0703173985
2020-09-21,,,633.66487199,421,926,199029.158648,196478,202496,181963,98868,311073,2948826,1697211,4814702,52568987,38041109,70682525,0.957929100708,0.857582602464,1.0724802619
2020-09-22,,,625.474682803,413,918,199654.633331,196892,203413,180311,97102,310441,2915384,1665202,4790124,52749298,38138211,70992966,0.958635011277,0.855969577828,1.07488773954
2020-09-23,,,617.417747602,406,910,200272.051078,197298,204322,178739,95286,310775,2883194,1633979,4768001,52928037,38233497,71303741,0.959344770215,0.853822826653,1.07739889068
2020-09-24,,,607.994610392,397,900,200880.045689,197696,205222,177247,93612,311252,2852247,1603552,4748613,53105284,38327109,71614993,0.960058246962,0.852081573598,1.08015120237
2020-09-25,,,598.76801157,389,891,201478.8137,198085,206112,175836,91914,310840,2822537,1573816,4731529,53281120,38419023,71925833,0.960775307311,0.850127465379,1.08346504589
2020-09-26,,,589.740433376,380,882,202068.554134,198466,206994,174505,90271,310983,2794057,1544700,4716658,53455625,38509294,72236816,0.961495813128,0.848297815432,1.08677690868
2020-09-27,,,580.914480814,372,873,202649.468615,198838,207866,173254,88774,311714,2766803,1516473,4704464,53628879,38598068,72548530,0.962219622095,0.846236028986,1.08995508404
2020-09-28,,,572.292315096,364,865,203221.76093,199203,208731,172084,87308,313611,2740771,1488986,4696192,53800963,38685376,72862141,0.962946587498,0.844245767609,1.09401953782
2020-09-29,,,563.875021229,356,857,203785.635951,199560,209586,170995,85744,314738,2715958,1462250,4691132,53971958,38771120,73176879,0.963676558002,0.842264435949,1.09681822664
2020-09-30,,,555.663205466,349,849,204341.299156,199909,210434,169987,84157,316090,2692361,1435982,4689398,54141945,38855277,73492969,0.964409377389,0.840250908933,1.09900276153
2020-10-01,,,547.657434174,342,842,204888.956591,200251,211275,169061,82753,317502,2669980,1410297,4690839,54311006,38938030,73810471,0.965152158332,0.839632574258,1.10172866552
2020-10-02,,,539.858272735,334,835,205428.814863,200586,212110,168217,81460,319446,2648813,1385277,4695658,54479223,39019490,74129917,0.965900632614,0.837463181499,1.10644743764
2020-10-03,,,532.266267961,328,830,205961.081131,200915,212939,167456,80099,321468,2628863,1360829,4703560,54646679,39099589,74451385,0.966651608634,0.835481854226,1.1111782907
2020-10-04,,,524.881630038,321,823,206485.962761,201236,213761,166778,78862,323998,2610130,1337052,4715031,54813457,39178451,74775383,0.967408543439,0.834031883911,1.11436975218
2020-10-05,,,517.704293539,314,816,207003.667055,201551,214576,166184,77629,327092,2592618,1313942,4730539,54979641,39256080,75102475,0.968173743687,0.832587212398,1.11768454897
2020-10-06,,,510.734055818,308,810,207514.401111,201859,215385,165676,76320,330000,2576330,1291399,4749442,55145317,39332400,75432475,0.968942590481,0.831147752128,1.12098554307
2020-10-07,,,503.970665075,301,804,208018.371776,202161,216188,165253,75170,333345,2561272,1269472,4772322,55310570,39407570,75765820,0.969712961244,0.829475821754,1.1242713239
2020-10-08,,,497.413842418,296,798,208515.785618,202457,216985,164917,73962,336872,2547450,1248152,4798403,55475487,39481532,76102692,0.970485300159,0.827872220882,1.12754040516
2020-10-09,,,491.063119379,290,792,209006.848738,202748,217776,164669,72736,340238,2534872,1227280,4827380,55640156,39554268,76442930,0.971266692208,0.826055885901,1.13148567913
2020-10-10,,,484.917836114,284,786,209491.766574,203033,218561,164510,71655,344890,2523547,1207020,4861423,55804666,39625923,76787820,0.972057212671,0.824386840567,1.13486314516
2020-10-11,,,478.97717767,279,780,209970.743751,203312,219341,164442,70590,348948,2513485,1187339,4899383,55969108,39696513,77136768,0.972851238579,0.823029341084,1.13813614444
2020-10-12,,,473.240209492,273,777,210443.983961,203586,220116,164466,69454,353776,2504697,1168017,4941444,56133574,39765967,77490544,0.973646794771,0.822316312428,1.14164108623
2020-10-13,,,467.706009862,268,772,210911.689971,203855,220887,164583,68417,358953,2497196,1149123,4986796,56298157,39834384,77849497,0.9744451573,0.820882819631,1.14454058696
2020-10-14,,,462.373759843,263,767,211374.06373,204118,221653,164796,67408,364272,2490997,1130787,5036344,56462953,39901792,78213769,0.975248901665,0.820801159192,1.14814880221
2020-10-15,,,457.242600109,258,763,211831.306331,204377,222414,165105,66469,370042,2486115,1113096,5090318,56628058,39968261,78583811,0.976074849916,0.820756797898,1.15148687492
2020-10-16,,,452.311644518,253,760,212283.617975,204631,223173,165514,65518,376600,2482567,1095860,5149432,56793572,40033779,78960411,0.976905284764,0.820330541592,1.15454709305
2020-10-17,,,447.580014663,249,757,212731.19799,204881,223928,166023,64560,382989,2480373,1078959,5212984,56959595,40098339,79343400,0.977735619165,0.819799751594,1.15756985478
2020-10-18,,,443.046888391,244,754,213174.244878,205126,224681,166635,63640,389123,2479552,1062499,5280645,57126230,40161979,79732523,0.978565737621,0.819281393962,1.16055243535
2020-10-19,,,438.711646089,240,752,213612.956524,205366,225431,167352,62781,395693,2480126,1046417,5352336,57293582,40224760,80128216,0.979398247171,0.818257078652,1.16351771849
2020-10-20,,,434.573737864,235,750,214047.530262,205602,226179,168178,61825,403441,2482119,1030611,5428675,57461760,40286585,80531657,0.980234564627,0.817175647221,1.1669301334
2020-10-21,,,430.63268629,231,749,214478.162948,205834,226927,169113,61023,410155,2485557,1015312,5508828,57630873,40347608,80941812,0.981073603543,0.818115318358,1.17022160821
2020-10-22,,,426.888099142,227,751,214905.051048,206062,227676,170162,60283,418080,2490466,1000423,5593558,57801035,40407891,81359892,0.981927241711,0.817721990796,1.17431684815
2020-10-23,,,423.339700121,223,752,215328.390748,206285,228426,171327,59460,426871,2496876,985921,5683554,57972362,40467351,81786763,0.982781139071,0.816949955857,1.17723242826
2020-10-24,,,419.987594367,219,751,215748.378342,206505,229175,172611,58700,436066,2504817,971885,5779382,58144973,40526051,82222829,0.98363335416,0.817332763777,1.18008448666
2020-10-25,,,416.832010415,215,752,216165.210352,206721,229925,174017,57952,446234,2514324,958181,5880724,58318990,40584003,82669063,0.984484418168,0.816935002178,1.1827410756
2020-10-26,,,413.873309981,211,755,216579.083662,206932,230678,175548,57267,456740,2525429,944860,5988510,58494538,40641270,83125803,0.985337240481,0.81682580864,1.18650663244
2020-10-27,,,411.112002671,208,759,216990.195665,207141,231434,177209,56646,467046,2538172,932054,6101765,58671747,40697916,83592849,0.986185426453,0.816597832663,1.19025898012
2020-10-28,,,408.548780534,204,762,217398.744446,207346,232194,179002,56000,478065,2552590,919639,6220865,58850749,40753916,84070914,0.987030529861,0.815988563655,1.19379298016
2020-10-29,,,406.184557537,200,765,217804.929003,207547,232957,180931,55336,488974,2568725,907567,6345560,59031680,40809252,84559888,0.987875639299,0.815146253657,1.19754861159
2020-10-30,,,404.020457509,197,769,218208.949461,207745,233723,183001,54704,501637,2586621,895803,6477159,59214681,40863956,85061525,0.988721898075,0.814567709999,1.20117291843
2020-10-31,,,402.057803466,194,773,218611.007264,207939,234494,185215,54086,515118,2606323,884374,6615683,59399896,40918042,85576643,0.989562983689,0.813346447281,1.20438381418
2020-11-01,,,400.298115219,190,779,219011.305379,208131,235270,187578,53528,529556,2627878,873344,6762256,59587474,40971570,86106199,0.990398551212,0.812170667834,1.20708156865
