date,actual_deaths,total_deaths,predicted_deaths_mean,predicted_deaths_lower,predicted_deaths_upper,predicted_total_deaths_mean,predicted_total_deaths_lower,predicted_total_deaths_upper,predicted_new_infected_mean,predicted_new_infected_lower,predicted_new_infected_upper,predicted_current_infected_mean,predicted_current_infected_lower,predicted_current_infected_upper,predicted_total_infected_mean,predicted_total_infected_lower,predicted_total_infected_upper,r_values_mean,r_values_lower,r_values_upper
2020-02-05,0,0,,,,,,,126,65,178,126,65,178,126,65,178,2.26350836295,2.1,2.4
2020-02-06,0,0,,,,,,,126,65,178,252,131,356,252,130,356,2.26349889762,2.09999057886,2.39999969814
2020-02-07,0,0,,,,,,,126,65,178,378,197,534,378,195,534,2.26349569585,2.09998737399,2.39999953246
2020-02-08,0,0,,,,,,,126,65,178,504,263,712,504,260,712,2.26349139842,2.09998307891,2.39999928807
2020-02-09,0,0,,,,,,,289,164,404,792,442,1103,793,424,1116,2.26348562537,2.09997732277,2.39999891146
2020-02-10,0,0,,,,,,,289,164,404,1081,612,1502,1082,588,1520,2.26347786293,2.09996960858,2.39999832992
2020-02-11,0,0,,,,,,,289,164,404,1370,779,1903,1371,752,1924,2.26346741562,2.09995927032,2.39999743682
2020-02-12,0,0,,,,,,,289,164,404,1659,945,2306,1660,916,2328,2.26345334083,2.09994541544,2.39999615708
2020-02-13,0,0,,,,,,,470,280,651,2128,1246,2937,2130,1196,2979,2.26343435935,2.09992684789,2.39999425367
2020-02-14,0,0,,,,,,,680,411,937,2808,1663,3868,2810,1607,3916,2.26337887831,2.09987510928,2.39996717661
2020-02-15,0,0,,,,,,,1218,752,1630,4026,2469,5459,4028,2359,5546,2.26334051034,2.09983864005,2.3999601063
2020-02-16,0,0,,,,,,,2412,1474,3100,6438,4072,8497,6440,3833,8646,2.26328146653,2.09978518883,2.39994330965
2020-02-17,0,0,,,,,,,3893,2527,4930,10331,6732,13338,10333,6360,13576,2.26320583393,2.09971818305,2.3999232629
2020-02-18,0,0,,,,,,,4311,2842,5464,14642,9615,18776,14644,9202,19040,2.26310664643,2.09963202527,2.39989875459
2020-02-19,0,0,,,,,,,5072,3404,6414,19714,13082,25147,19716,12606,25454,2.26297472846,2.09951998238,2.39986550849
2020-02-20,0,0,,,,,,,5212,3507,6606,24800,16535,31567,24928,16113,32060,2.26279679728,2.09937256356,2.39981909932
2020-02-21,0,0,,,,,,,5744,3922,7272,30419,20415,38641,30672,20035,39332,2.26255516643,2.099177546,2.399753043
2020-02-22,0,0,,,,,,,6842,4744,8663,37134,25140,47088,37514,24779,47995,2.26222964301,2.09892182522,2.39965944698
2020-02-23,0,0,,,,,,,8183,5766,10346,45191,30935,57182,45697,30545,58341,2.26179111676,2.09858711329,2.39951155105
2020-02-24,0,0,,,,,,,10391,7311,13230,55294,38162,69949,56088,37856,71571,2.26119787958,2.09814798475,2.39932533162
2020-02-25,0,0,,,,,,,16281,10907,20703,71286,49084,90132,72369,48763,92274,2.26039256295,2.09761375636,2.39905185111
2020-02-26,0,0,,,,,,,19669,13401,25068,90667,62367,114762,92038,62164,117342,2.25929612067,2.0967417166,2.3986286853
2020-02-27,0,0,,,,,,,21460,14520,27586,111838,76737,141933,113498,76684,144928,2.25780147724,2.09554431968,2.39803396732
2020-02-28,0,0,,,,,,,26107,17495,33904,137475,93950,175180,139605,94179,178832,2.25576129406,2.09391241728,2.39720109089
2020-02-29,1,1,,,,,,,31921,20840,42104,168716,114387,216306,171526,115019,220936,2.25297228327,2.09203574187,2.39593554313
2020-03-01,0,1,,,,,,,41453,26513,55257,208951,140210,269824,212979,141532,276193,2.24915530861,2.08967109641,2.39406771476
2020-03-02,5,6,,,,,,,51568,32626,69325,258107,171470,335911,264547,174158,345518,2.24392924289,2.08587800482,2.39131564248
2020-03-03,1,7,,,,,,,63991,40317,86750,318204,209356,417591,328538,214475,432268,2.23677787572,2.08098327537,2.38725961974
2020-03-04,4,11,,,,,,,78564,48861,107480,392457,255478,519441,407102,263336,539748,2.22700869409,2.0740315293,2.38128633504
2020-03-05,1,12,,,,,,,98270,60486,135068,485655,312662,647910,505372,323822,674816,2.21370646727,2.06560307859,2.37261815418
2020-03-06,2,14,,,,,,,120461,73365,166240,600903,382629,807347,625833,397187,841056,2.19568957899,2.05216714661,2.36039328856
2020-03-07,3,17,,,,,,,145595,88853,201842,740754,467644,1001759,771428,486040,1042898,2.17148493936,2.03121058088,2.34218546486
2020-03-08,4,21,,,,,,,173129,106899,238957,907041,569781,1231965,944557,592939,1281855,2.13935066131,2.00096121717,2.31518775161
2020-03-09,1,22,,,,,,,202347,128326,274713,1101205,692200,1496346,1146904,721265,1556568,2.09738996389,1.9445209305,2.27920790841
2020-03-10,6,28,,,,,,,232173,153522,311278,1322987,838147,1794516,1379077,874787,1867846,2.04380498692,1.86898468971,2.24996373272
2020-03-11,5,33,,,,,,,258844,176506,346051,1565550,1003701,2119785,1637921,1051293,2213897,1.97731133532,1.78394344696,2.21395813174
2020-03-12,10,43,,,,,,,280755,194032,373687,1826635,1184196,2468412,1918676,1245325,2587584,1.89765160625,1.68890336528,2.16175620997
2020-03-13,8,51,,,,,,,297678,206991,393847,2102854,1376553,2834632,2216354,1452316,2981431,1.80603109425,1.57117489307,2.10651963057
2020-03-14,7,58,,,,,,,309374,214828,404924,2386121,1573820,3205579,2525728,1667144,3386355,1.70524666127,1.45668744768,2.0448346992
2020-03-15,12,70,,,,,,,317177,221610,416140,2671377,1774675,3579437,2842905,1888754,3802495,1.59938473364,1.3305210112,1.97694763022
2020-03-16,27,97,,,,,,,321538,227023,426261,2951462,1975439,3950229,3164443,2115777,4228756,1.49317445199,1.21886397069,1.89068625621
2020-03-17,35,132,,,,,,,323373,231650,431057,3223267,2174871,4311726,3487816,2347427,4659813,1.39122853332,1.12546695163,1.78396595812
2020-03-18,59,191,,,,,,,323556,234851,431536,3482832,2370047,4656220,3811372,2582278,5091349,1.29740047269,1.05242895878,1.66529531963
2020-03-19,73,264,,,,,,,322614,237784,428781,3726883,2559900,4977091,4133986,2820062,5520130,1.21438427193,1.00167332709,1.54469035775
2020-03-20,99,363,,,,,,,321021,240064,426684,3949634,2740679,5268091,4455007,3060126,5946814,1.14357610434,0.965390305392,1.43724537363
2020-03-21,99,462,,,,,,,318883,241589,424775,4148057,2910309,5525969,4773890,3301715,6371589,1.08515924713,0.939259208315,1.33732589043
2020-03-22,110,572,,,,,,,316300,242701,420415,4318762,3065724,5743819,5090190,3544416,6792004,1.03835377829,0.922270415534,1.25374629224
2020-03-23,189,761,,,,,,,313407,242594,414385,4459040,3203067,5918504,5403597,3787010,7206389,1.00175743462,0.900535519716,1.17843626832
2020-03-24,239,1000,,,,,,,310244,242571,406763,4566937,3319029,6049658,5713841,4029581,7613152,0.973690455359,0.881966746295,1.11403095452
2020-03-25,324,1324,,,,,,,306846,241990,399830,4641611,3409173,6137118,6020687,4271571,8012982,0.952469917723,0.86929131875,1.06755207102
2020-03-26,408,1732,,,,,,,303206,239911,393282,4685973,3474044,6183425,6323893,4511482,8406264,0.936580522451,0.859567872043,1.02582929273
2020-03-27,518,2250,,,,,,,299308,236020,386273,4704526,3516687,6195158,6623201,4747502,8792537,0.924750648685,0.853332213334,1.00092872219
2020-03-28,633,2883,,,,,,,295159,231754,378888,4702007,3541312,6179412,6918360,4979256,9171425,0.915963111288,0.849046219227,0.981022753433
2020-03-29,586,3469,,,,,,,290799,227641,371262,4683432,3553267,6145032,7209159,5206897,9542687,0.90943061158,0.845651479253,0.969342809736
2020-03-30,692,4161,,,,,,,286176,223346,364010,4652432,3553564,6092473,7495335,5430243,9906697,0.904557414931,0.843274368184,0.961021528684
2020-03-31,1085,5246,,,,,,,281343,218872,356336,4612237,3543598,6022655,7776678,5649115,10263033,0.900899653268,0.841725902166,0.955824752949
2020-04-01,1172,6418,,,,,,,276319,214402,348758,4565182,3524409,5940897,8052997,5863517,10611791,0.898130041982,0.84041665388,0.951719388441
2020-04-02,1503,7921,,,,,,,271131,209832,341805,4512757,3497574,5852037,8324128,6073349,10953596,0.896008913305,0.839549827302,0.948597029006
2020-04-03,1392,9313,,,,,,,265809,205412,335349,4455952,3463604,5759593,8589937,6278761,11288945,0.894361522797,0.838433005632,0.946268799903
2020-04-04,1523,10836,,,,,,,260379,200926,328668,4395310,3423113,5662605,8850316,6479687,11617613,0.893060785799,0.837665668473,0.944224408152
2020-04-05,1590,12426,,,,,,,254875,196409,321874,4331302,3376930,5560974,9105191,6676096,11939487,0.892014392862,0.837053375377,0.942692549328
2020-04-06,1770,14196,,,,,,,249333,191926,315204,4264334,3325523,5457049,9354524,6868022,12254691,0.891155312928,0.836470875686,0.941531552013
2020-04-07,2571,16767,,,,,,,243786,187521,308517,4194714,3270080,5352381,9598310,7055543,12563208,0.890434850294,0.835785470928,0.940705355806
2020-04-08,2146,18913,,,,,,,238268,183056,301973,4122737,3210357,5248555,9836578,7238599,12865181,0.889817594873,0.835296074982,0.940102986308
2020-04-09,2228,21141,,,,,,,232804,178585,295116,4048694,3146784,5144562,10069382,7417184,13160297,0.889277761158,0.834800722322,0.939512740793
2020-04-10,2218,23359,,,,,,,227419,174448,288291,3972907,3081152,5040157,10296801,7591632,13448588,0.888796538738,0.834403734695,0.938942178497
2020-04-11,2119,25478,,,,,,,222130,170255,281856,3895730,3015241,4936168,10518931,7761887,13730444,0.888357198311,0.834020004068,0.938481328462
2020-04-12,1816,27294,,,,,,,216951,165989,275540,3817521,2949363,4833106,10735882,7927876,14005984,0.887954188784,0.83367426229,0.937969694766
2020-04-13,1946,29240,,,,,,,211889,161852,269411,3738611,2883504,4731405,10947771,8089728,14275395,0.8875787948,0.833314500122,0.937614217689
2020-04-14,2455,31695,,,,,,,206949,157843,263421,3659384,2817969,4630891,11154720,8247571,14538816,0.887225645176,0.832976037501,0.93728483038
2020-04-15,2609,34304,,,,,,,202134,153987,257809,3580176,2753078,4532377,11356854,8401558,14796625,0.886897822659,0.832684798693,0.936974037469
2020-04-16,2176,36480,,,,,,,197443,150175,252282,3501300,2688870,4435889,11554297,8551733,15048907,0.88658440863,0.83243507971,0.936576106716
2020-04-17,2093,38573,,,,,,,192874,146470,247122,3423044,2625550,4341201,11747171,8698203,15296029,0.886288065184,0.83216124184,0.936272793052
2020-04-18,1960,40533,,,,,,,188425,142892,242085,3345660,2563081,4247930,11935596,8841095,15538114,0.886006028944,0.83187353835,0.936002212281
2020-04-19,1931,42464,,,,,,,184092,139294,237108,3269374,2501491,4156395,12119688,8980389,15775222,0.885739087023,0.831644768597,0.935733688421
2020-04-20,2186,44650,,,,,,,179872,135856,232201,3194371,2440968,4066763,12299560,9116245,16007423,0.885486788045,0.831418102111,0.935458731247
2020-04-21,2548,47198,,,,,,,175762,132334,227644,3120800,2381387,3979266,12475322,9248579,16235067,0.88524969813,0.831194159476,0.935206144827
2020-04-22,2434,49632,,,,,,,171758,128919,223194,3048772,2322767,3894046,12647080,9377498,16458261,0.885029583651,0.830978529957,0.934993433368
2020-04-23,2466,52098,,,,,,,167859,125560,218858,2978363,2265246,3811051,12814939,9503058,16677119,0.884829691513,0.830769035135,0.934702358063
2020-04-24,2154,54252,,,,,,,164062,122402,214699,2909621,2209015,3730760,12979001,9625460,16891818,0.884654425086,0.830563859887,0.934446322512
2020-04-25,1698,55950,,,,,,,160366,119224,210610,2842568,2153726,3653204,13139367,9744684,17102428,0.884509608794,0.830382564834,0.934228008246
2020-04-26,1329,57279,,,,,,,156768,116128,206596,2777206,2099540,3578059,13296135,9860812,17309024,0.88440377765,0.830272028215,0.933989389738
2020-04-27,1466,58745,,,,,,,153269,113084,202854,2713525,2046583,3505470,13449404,9973896,17511878,0.884347912323,0.830147941401,0.933802369096
2020-04-28,2241,60986,,,,,,,149865,110037,199205,2651501,1994725,3435336,13599269,10083933,17711083,0.884357007502,0.830058884022,0.933764180925
2020-04-29,2521,63507,,,,,,,146559,107090,195557,2591110,1943932,3367528,13745828,10191023,17906640,0.884451120167,0.830158062818,0.93361151678
2020-04-30,2322,65829,,,,,,,143349,104168,192125,2532325,1894076,3301886,13889177,10295191,18098765,0.884656666016,0.830135283093,0.933557420729
2020-05-01,1891,67720,,,,,,,140237,101282,188755,2475118,1845153,3238383,14029414,10396473,18287520,0.885008229396,0.830108076509,0.933444535203
2020-05-02,1692,69412,,,,,,,137222,98714,185609,2419466,1797374,3176884,14166636,10495187,18473129,0.88555049146,0.830219257637,0.933590603569
2020-05-03,1120,70532,,,,,,,134308,96162,182535,2365349,1750621,3117335,14300944,10591349,18655664,0.88634002306,0.830336012819,0.933797582762
2020-05-04,1333,71865,,,,,,,131497,93577,179536,2312753,1704884,3059757,14432441,10684926,18835200,0.887446638442,0.830553618487,0.934273344866
2020-05-05,2318,74183,,,,,,,128793,91134,176631,2261674,1660144,3004174,14561234,10776060,19011831,0.888953398363,0.830778833532,0.935372718989
2020-05-06,2364,76547,,,,,,,126199,88800,173785,2212110,1616593,2950297,14687433,10864860,19185616,0.890954183055,0.831210733017,0.939948867309
2020-05-07,1934,78481,,,,,,,123721,86535,171172,2164073,1574194,2898255,14811154,10951395,19356788,0.893547640743,0.831728316363,0.953344796973
2020-05-08,1747,80228,,,,,,,121367,84423,168772,2117581,1533046,2848152,14932521,11035818,19525560,0.896827049295,0.832005167225,0.969593857374
2020-05-09,1488,81716,,,,,,,119144,82391,166428,2072663,1493021,2799867,15051665,11118209,19691988,0.900867687911,0.832341637848,0.990927553248
2020-05-10,893,82609,,,,,,,117063,80558,164235,2029361,1454347,2753481,15168728,11198767,19856223,0.905716395964,0.83290619663,1.01646103191
2020-05-11,1014,83623,,,,,,,115137,78851,162201,1987730,1417061,2709078,15283865,11277618,20018424,0.911389725535,0.833611521853,1.04828811806
2020-05-12,1627,85250,,,,,,,113378,77223,160390,1947839,1381194,2666607,15397243,11354841,20178814,0.917883826344,0.834278190059,1.07633549945
2020-05-13,1764,87014,,,,,,,111803,75698,158731,1909776,1346853,2626125,15509046,11430539,20337545,0.925190835231,0.836677514402,1.10219825949
2020-05-14,1783,88797,,,,,,,110426,74343,157284,1873644,1314107,2587845,15619472,11504882,20494829,0.933310432112,0.838143244094,1.12553894773
2020-05-15,1681,90478,,,,,,,109265,73238,156113,1839560,1283186,2551826,15728737,11578120,20650942,0.942249561744,0.840430350134,1.14689073049
2020-05-16,1216,91694,,,,,,,108336,72330,155367,1807659,1254247,2518429,15837073,11650450,20806309,0.952014615974,0.843981346636,1.16502909795
2020-05-17,758,92452,,,,,,,107654,71629,154644,1778091,1227177,2487455,15944727,11722079,20960953,0.962604731144,0.848595274552,1.17893164838
2020-05-18,1172,93624,,,,,,,107233,71014,154319,1751016,1202048,2459224,16051960,11793093,21115272,0.974006065285,0.854543805327,1.19456939482
2020-05-19,1552,95176,,,,,,,107088,70520,154399,1726607,1179011,2434066,16159048,11863613,21269671,0.986177015256,0.862144505624,1.22686503537
2020-05-20,1526,96702,,,,,,,107231,70365,154674,1705046,1158266,2412086,16266279,11933978,21424345,0.999020437118,0.871752999172,1.23728010548
2020-05-21,1217,97919,,,,,,,107674,70416,155369,1686521,1139907,2393642,16373953,12004394,21579714,1.01235822007,0.875570720424,1.25247168287
2020-05-22,1244,99163,,,,,,,108425,70648,156507,1671225,1124053,2378943,16482378,12075042,21736221,1.0259340568,0.875895903996,1.25721151294
2020-05-23,1109,100272,,,,,,,109497,71288,158003,1659356,1110961,2368140,16591875,12146330,21894224,1.03945618578,0.876141625233,1.26999199244
2020-05-24,622,100894,,,,,,,110898,72172,159801,1651110,1100792,2361481,16702773,12218502,22054025,1.05266340749,0.876509482218,1.28147633569
2020-05-25,548,101442,,,,,,,112638,73347,162069,1646685,1093635,2359284,16815411,12291849,22216094,1.06537998521,0.876872315069,1.29008451882
2020-05-26,662,102104,,,,,,,114734,74926,164674,1646281,1089766,2361728,16930145,12366775,22380768,1.077532531,0.878426354546,1.29765690712
2020-05-27,1518,103622,,,,,,,117197,76732,167704,1650100,1089336,2369010,17047342,12443507,22548472,1.08912773042,0.879600405093,1.3084171636
2020-05-28,1178,104800,,,,,,,120033,78807,171390,1658330,1092507,2381626,17167375,12522314,22719862,1.10021138054,0.881591702607,1.31282332779
2020-05-29,1160,105960,,,,,,,123255,81134,175304,1671159,1099352,2399600,17290630,12603448,22895166,1.11083322953,0.883716290347,1.32244075336
2020-05-30,963,106923,,,,,,,126879,83754,179717,1688772,1109926,2423160,17417509,12687202,23074883,1.12106333807,0.886885316765,1.33480892565
2020-05-31,581,107504,,,,,,,130923,86667,184908,1711359,1124316,2452641,17548432,12773869,23259791,1.13095410606,0.891652189652,1.34286433805
2020-06-01,776,108280,,,,,,,135412,90089,190568,1739117,1142822,2488509,17683844,12863958,23450359,1.14055082089,0.898344893615,1.34796088957
2020-06-02,1068,109348,,,,,,,140360,93748,197033,1772244,1165593,2531156,17824204,12957706,23647392,1.14983467969,0.907925169117,1.35110647105
2020-06-03,1007,110355,,,,,,,145792,97910,204230,1810948,1193014,2580906,17969996,13055616,23851622,1.15873779812,0.9203888299,1.35277037354
2020-06-04,1023,111378,,,,,,,151729,102290,211684,1855446,1224959,2637828,18121725,13157906,24063306,1.16713201687,0.92977417701,1.35528891187
2020-06-05,914,112292,,,,,,,158194,107301,219973,1905966,1261855,2702338,18279919,13265207,24283279,1.17490298263,0.935356688964,1.35567925629
2020-06-06,659,112951,,,,,,,165208,112686,229148,1962749,1303887,2774882,18445127,13377893,24512427,1.18196393295,0.940995333318,1.35568628162
2020-06-07,438,113389,,,,,,,172796,118257,238830,2026048,1350869,2855634,18617923,13496150,24751257,1.18822913944,0.94878658533,1.35497171606
2020-06-08,519,113908,,,,,,,180978,124561,249523,2096128,1403264,2945288,18798901,13620711,25000780,1.19366791527,0.95803307593,1.35399930499
2020-06-09,950,114858,,,,,,,189773,131077,261414,2173263,1460995,3044560,18988674,13751788,25262194,1.19822955349,0.968919682998,1.35305860367
2020-06-10,901,115759,,,,,,,199192,137912,274225,2257721,1523985,3154032,19187866,13889700,25536419,1.2019025256,0.984770557129,1.35380778285
2020-06-11,871,116630,,,,,,,209242,145237,287923,2349767,1592482,3274163,19397108,14034937,25824342,1.20468628328,1.00799466138,1.35392827202
2020-06-12,828,117458,,,,,,,219925,153217,302841,2449658,1666888,3405506,19617033,14188154,26127183,1.20656493441,1.03664628959,1.35463521451
2020-06-13,759,118217,,,,,,,231228,161756,318249,2557632,1747497,3548355,19848261,14349910,26445432,1.20753800016,1.0556322691,1.35538024109
2020-06-14,308,118525,,,,,,,243128,170583,334400,2673881,1834321,3702979,20091389,14520493,26779832,1.20756488738,1.05069533079,1.35438376372
2020-06-15,394,118919,,,,,,,255583,179952,350585,2798541,1927600,3868646,20346972,14700445,27130417,1.20664442116,1.04847505665,1.35405603308
2020-06-16,838,119757,,,,,,,268536,189559,366462,2931665,2027065,4044593,20615508,14890004,27496879,1.20474341103,1.04029275236,1.35568281972
2020-06-17,744,120501,,,,,,,281908,199279,382952,3073213,2132603,4230602,20897416,15089283,27879831,1.20186253161,1.03175838687,1.35535911626
2020-06-18,718,121219,,,,,,,295603,209723,399078,3223024,2244421,4425544,21193019,15299006,28278909,1.19800991736,1.02437769154,1.35582919992
2020-06-19,670,121889,,,,,,,309503,220637,414988,3380798,2362774,4628981,21502522,15519643,28693897,1.19318076544,1.00956120191,1.35611892536
2020-06-20,604,122493,,,,,,,323475,231265,432737,3546078,2486744,4841885,21825997,15750908,29126634,1.18739824616,1.00377436218,1.3559328075
2020-06-21,285,122778,,,,,,,337369,241859,449603,3718239,2615900,5062448,22163366,15992767,29576237,1.18068659947,0.992861208265,1.35564045227
2020-06-22,389,123167,,,,,,,351025,252704,464541,3896468,2750342,5288242,22514391,16245471,30040778,1.17315646006,0.985933524515,1.35678720321
2020-06-23,847,124014,,,,,,,364279,262862,479154,4079768,2888613,5517916,22878670,16508333,30519932,1.16494535867,0.981949790764,1.35532807511
2020-06-24,759,124773,,,,,,,376973,273484,493944,4266968,3030951,5750438,23255643,16781817,31013876,1.15621302172,0.973379025243,1.35361202638
2020-06-25,551,125324,,,,,,,388968,283931,507674,4456745,3176896,5983849,23644611,17065748,31521550,1.14712545928,0.968047412519,1.35233568593
2020-06-26,617,125941,,,,,,,400147,293378,520261,4647650,3324949,6216147,24044758,17359126,32041811,1.13781134921,0.958280986912,1.35083959978
2020-06-27,504,126445,,,,,,,410423,303394,531255,4838148,3475046,6444537,24455181,17662520,32573066,1.12840082395,0.950468501737,1.350861528
2020-06-28,273,126718,,,,,,,419739,312468,541746,5026659,3625717,6668034,24874920,17974988,33114812,1.1189856931,0.942459567734,1.35003042509
2020-06-29,377,127095,,,,,,,428065,320557,550371,5211596,3775699,6884016,25302985,18295545,33665183,1.10964172667,0.935753794518,1.34662255246
2020-06-30,625,127720,,,,,,,435396,328321,558312,5391409,3924153,7091788,25738381,18623866,34223495,1.10041374156,0.930593254722,1.34416213719
2020-07-01,694,128414,,,,,,,441743,335654,564838,5564616,4070418,7290224,26180124,18959520,34788333,1.09130472844,0.926986278673,1.34210381211
2020-07-02,727,129141,,,,,,,447129,341057,570977,5729837,4212388,7478312,26627253,19300577,35359310,1.08230287522,0.922615821922,1.33236206935
2020-07-03,660,129801,,,,,,,451591,345123,575312,5885825,4347952,7654592,27078844,19645700,35934622,1.07337894016,0.919923318158,1.32367005316
2020-07-04,265,130066,,,,,,,455169,349306,578980,6031492,4476760,7818617,27534013,19995006,36513602,1.0645298476,0.916731365237,1.3165990423
2020-07-05,288,130354,,,,,,,457912,352456,581503,6165929,4598056,7967420,27991925,20347462,37095105,1.05578212106,0.912309100803,1.3098015462
2020-07-06,355,130709,,,,,,,459867,354767,583499,6288426,4711019,8101343,28451792,20702229,37678604,1.0471934618,0.908521929225,1.29999337581
2020-07-07,1222,131931,,,,,,,461084,356101,584697,6398486,4814389,8221493,28912876,21058330,38263301,1.03883819651,0.905564667359,1.28792518032
2020-07-08,863,132794,,,,,,,461612,356992,584059,6495819,4908434,8326356,29374488,21415322,38847360,1.03079386512,0.904221866084,1.27948593039
2020-07-09,1003,133797,,,,,,,461501,356841,583285,6580347,4991681,8415651,29835989,21772163,39430645,1.02312784145,0.902343171092,1.27236718477
2020-07-10,824,134621,,,,,,,460798,356845,582125,6652176,5064478,8490046,30296787,22129008,40012770,1.01589139337,0.900127130683,1.26243914808
2020-07-11,690,135311,,,,,,,459550,355790,580402,6711579,5126770,8550149,30756337,22484798,40593172,1.00912384057,0.898701186105,1.25154112812
2020-07-12,459,135770,,,,,,,457801,354615,578233,6758957,5177899,8597069,31214138,22839413,41171405,1.00285207446,0.897463766126,1.23708680804
2020-07-13,367,136137,,,,,,,455594,352788,575855,6794813,5218149,8631131,31669732,23192201,41747260,0.997086214016,0.895327018792,1.22432686645
2020-07-14,926,137063,,,,,,,452968,351221,572941,6819716,5248741,8653641,32122700,23543422,42320201,0.991816933285,0.893907544379,1.20683249882
2020-07-15,968,138031,,,,,,,449959,348747,568757,6834279,5269138,8664039,32572659,23892169,42888958,0.987019450172,0.8932593941,1.18649139302
2020-07-16,943,138974,,,,,,,446601,345833,564436,6839137,5279318,8663599,33019260,24238002,43453394,0.982662379564,0.891426357468,1.17545983629
2020-07-17,930,139904,,,,,,,442926,342989,560674,6834934,5281246,8653315,33462186,24580991,44014068,0.978715184538,0.890138835124,1.15833490856
2020-07-18,868,140772,,,,,,,438964,339685,555683,6822307,5275801,8633736,33901150,24920676,44569751,0.975150376994,0.889037018176,1.14065288889
2020-07-19,447,141219,,,,,,,434744,335899,551338,6801881,5262379,8606138,34335894,25256575,45121089,0.971941870929,0.888091730507,1.13000668197
2020-07-20,514,141733,,,,,,,430294,332597,546562,6774264,5242515,8571245,34766188,25589172,45667651,0.969062995273,0.885362597276,1.10430804239
2020-07-21,1107,142840,,,,,,,425640,328442,541360,6740037,5216185,8529178,35191828,25917614,46209011,0.966485908402,0.880972407805,1.08901105542
2020-07-22,1216,144056,,,,,,,420806,324233,536001,6699760,5184297,8480550,35612634,26241847,46745012,0.964181996618,0.878742158492,1.0685516871
2020-07-23,1094,145150,,,,,,,415815,320068,530348,6653962,5147341,8426887,36028449,26561915,47275360,0.962122468334,0.876508299645,1.0518363572
2020-07-24,1132,146282,,,,,,,410687,315554,525076,6603149,5106008,8368709,36439136,26877469,47800436,0.960278990574,0.875839534011,1.04434295126
2020-07-25,899,147181,,,,,,,405444,310729,519052,6547795,5059844,8305662,36844580,27188198,48319488,0.958624524463,0.875240224783,1.03963256889
2020-07-26,472,147653,,,,,,,400103,305666,512901,6488348,5009667,8238188,37244683,27493864,48832389,0.957134314426,0.874713448251,1.03796073783
2020-07-27,1120,148773,,,,,,,394682,300468,506983,6425228,4955461,8166970,37639365,27794332,49339372,0.955786735479,0.87333907245,1.03676736316
2020-07-28,1374,150147,,,,,,,389198,295451,501255,6358831,4898054,8092408,38028563,28089783,49840627,0.954563680672,0.87246484473,1.0335167276
2020-07-29,1432,151579,,,,,,,383666,290386,494993,6289528,4837153,8014521,38412229,28380169,50335620,0.953450347935,0.871564790192,1.0292775405
2020-07-30,1209,152788,,,,,,,378101,285237,488733,6217670,4773584,7934557,38790330,28665406,50824353,0.952434531441,0.8710846157,1.02818154445
2020-07-31,1243,154031,,,,,,,372515,280084,482945,6143584,4707778,7853126,39162845,28945490,51307298,0.951505707337,0.870704302162,1.02634575741
2020-08-01,1115,155146,,,,,,,366922,274687,476874,6067581,4639425,7769376,39529767,29220177,51784172,0.950654237504,0.870336970896,1.02569948568
2020-08-02,403,155549,,,,,,,361332,269354,471176,5989950,4569058,7684922,39891099,29489531,52255348,0.949870897265,0.869981534676,1.0243835737
2020-08-03,530,156079,,,,,,,355755,264390,465620,5910960,4497523,7599247,40246854,29753921,52720968,0.949146753737,0.869637146838,1.02330591209
2020-08-04,1378,157457,,,,,,,350199,259170,459762,5830865,4424084,7512479,40597053,30013091,53180730,0.948473287359,0.869303135588,1.02276738466
2020-08-05,1376,158833,,,,,,,344672,253805,454683,5749896,4349442,7425838,40941725,30266896,53635413,0.947842607717,0.868978956534,1.02222757075
2020-08-06,1253,160086,,,,,,,339181,248628,448714,5668270,4273832,7338600,41280906,30515524,54084127,0.94724764677,0.868664158409,1.02164824917
2020-08-07,1242,161328,,,,,,,333731,243686,443036,5586187,4197453,7251327,41614637,30759210,54527163,0.946682270982,0.868358358314,1.02120350589
2020-08-08,1077,162405,,,,,,,328329,238553,437292,5503828,4120453,7163569,41942966,30997763,54964455,0.946141303305,0.868061223829,1.02075688429
2020-08-09,511,162916,,,,,,,322979,233340,431605,5421363,4043069,7076138,42265945,31231103,55396060,0.945620473568,0.867772460093,1.02025332699
2020-08-10,527,163443,,,,,,,317684,228451,426239,5338944,3965859,6989486,42583629,31459554,55822299,0.945116324305,0.867491800462,1.01978818124
2020-08-11,1064,164507,,,,,,,312448,223645,420840,5256710,3889040,6903358,42896077,31683199,56243139,0.944626096502,0.867218999764,1.01919575079
2020-08-12,1505,166012,,,,,,,307274,218623,415689,5174786,3812212,6817804,43203351,31901822,56658828,0.944147612906,0.866924147604,1.01863755809
2020-08-13,1070,167082,,,,,,,302164,214119,410546,5093285,3735946,6733362,43505515,32115941,57069374,0.943679169565,0.866656086814,1.01798893603
2020-08-14,1338,168420,,,,,,,297120,209595,405204,5012304,3660307,6649841,43802635,32325536,57474578,0.94321944083,0.866420551441,1.01733694622
2020-08-15,1034,169454,,,,,,,292143,204863,399965,4931932,3585091,6566868,44094778,32530399,57874543,0.942767399389,0.866189111417,1.01667462853
2020-08-16,571,170025,,,,,,,287235,200412,394837,4852244,3510820,6484827,44382013,32730811,58269380,0.942322250846,0.865961279448,1.0160046616
2020-08-17,446,170471,,,,,,,282397,196039,390134,4773309,3437510,6403775,44664410,32926850,58659514,0.941883381238,0.865740072648,1.01523228016
2020-08-18,1325,171796,,,,,,,277628,191705,385171,4695183,3364827,6323310,44942038,33118555,59044685,0.941450315579,0.865525277844,1.01457121757
2020-08-19,1353,173149,,,,,,,272931,187319,380193,4617914,3292972,6243724,45214969,33305874,59424878,0.94102268545,0.865316525858,1.01392919539
2020-08-20,1079,174228,,,,,,,268304,182872,375357,4541547,3222035,6164389,45483273,33488746,59800235,0.94060020388,0.865113656051,1.01328507458
2020-08-21,1105,175333,,,,,,,263749,178659,370690,4466116,3152063,6086363,45747022,33667405,60170925,0.94018264598,0.86491651181,1.01263508311
2020-08-22,982,176315,,,,,,,259266,174471,366191,4391651,3082848,6009522,46006288,33841876,60537116,0.939769834093,0.864724940377,1.01193975682
2020-08-23,450,176765,,,,,,,254855,170457,361716,4318176,3014749,5933957,46261143,34012333,60898832,0.939361626446,0.864538792715,1.01130366847
2020-08-24,442,177207,,,,,,,250774,166690,357720,4245972,2948101,5860093,46511917,34179023,61256552,0.939911990935,0.864691362776,1.01122811714
2020-08-25,1239,178446,,,,,,,246757,162992,353820,4175045,2882640,5787694,46758674,34342015,61610372,0.940469596929,0.865939070218,1.01109200343
2020-08-26,1225,179671,,,,,,,242816,159439,350228,4105413,2818429,5717105,47001490,34501454,61960600,0.941033980681,0.867773225271,1.01278078568
2020-08-27,1111,180782,,,,,,,238963,155904,346515,4037102,2755703,5647954,47240453,34657358,62307115,0.941605094309,0.869684175396,1.01360819015
2020-08-28,971,181753,,,,,,,235221,152373,343095,3970160,2693953,5580517,47475674,34809731,62650210,0.942182879499,0.870036561849,1.0153799645
2020-08-29,958,182711,,,,,,,231616,149017,339874,3904656,2633370,5515196,47707290,34958748,62990084,0.942767264825,0.869818251521,1.01630051168
2020-08-30,310,183021,,,,,,,228126,145717,336507,3840638,2574221,5451739,47935416,35104465,63326591,0.94335814305,0.869995733013,1.01831557456
2020-08-31,573,183594,,,,,,,224733,142459,332687,3778136,2516269,5389590,48160149,35246924,63659278,0.943955367268,0.869902894365,1.02051840286
2020-09-01,1067,184661,,,,,,,221438,139499,329265,3717177,2459728,5328722,48381587,35386423,63988543,0.944558824699,0.870290827717,1.02278986828
2020-09-02,1056,185717,,,,,,,218238,136697,326308,3657787,2404720,5269856,48599825,35523120,64314851,0.945168428522,0.870742939314,1.02496717644
2020-09-03,1070,186787,,,,,,,215143,133933,323414,3600000,2351333,5213068,48814968,35657053,64638265,0.94578409264,0.870534474161,1.02725885574
2020-09-04,965,187752,,,,,,,212150,131196,320572,3543845,2299657,5158277,49027118,35788249,64958837,0.946405729488,0.868704113579,1.02958817688
2020-09-05,783,188535,,,,,,,209254,128607,317780,3489350,2249605,5105361,49236372,35916856,65276617,0.947033236023,0.868771269737,1.03175820872
2020-09-06,403,188938,,,,,,,206451,126041,315340,3436535,2201175,5054499,49442823,36042897,65591957,0.947666509188,0.869470694051,1.03376068964
2020-09-07,267,189205,,,,,,,203740,123660,313618,3385420,2154379,5006391,49646563,36166557,65905575,0.948305451495,0.869379359926,1.03596569615
2020-09-08,445,189650,,,,,,,201121,121197,311645,3335768,2108886,4960305,49847684,36287754,66217220,0.94894996849,0.870220016331,1.03832357152
2020-09-09,1206,190856,,,,,,,198594,118759,309818,3287605,2064651,4916292,50046278,36406513,66527038,0.94959996528,0.870515983677,1.04054638442
2020-09-10,907,191763,,,,,,,196157,116572,307999,3240945,2021779,4874058,50242435,36523085,66835037,0.950255342616,0.869927857312,1.04276735486
2020-09-11,1213,192976,,,,,,,193807,114249,305897,3195790,1980119,4833437,50436242,36637334,67140934,0.950915998105,0.870032877975,1.04493083789
2020-09-12,714,193690,,,,,,,191545,112214,304229,3152114,1939953,4794568,50627787,36749548,67445163,0.951581828618,0.869179877011,1.04775428021
2020-09-13,378,194068,,,,,,,189368,110065,302651,3109866,1900996,4757342,50817155,36859613,67747814,0.952252730616,0.868105249397,1.04992327861
2020-09-14,418,194486,,,,,,,187277,108040,301428,3069017,1863315,4722255,51004432,36967653,68049242,0.952928599471,0.866566974307,1.05230101467
2020-09-15,,,686.593295377,476,953,195172.593295,194962,195439,185270,106102,300314,3029554,1826955,4689877,51189702,37073755,68349556,0.953609328134,0.864499776111,1.0547077685
2020-09-16,,,675.016649555,465,942,195847.609945,195427,196380,183347,104195,299282,2991463,1791647,4659889,51373049,37177950,68648838,0.954294806731,0.862930498049,1.05782161858
2020-09-17,,,663.662115746,455,930,196511.272061,195883,197310,181506,102448,298582,2954731,1757395,4632157,51554555,37280398,68947420,0.954984922925,0.861724896014,1.06150218591
2020-09-18,,,652.538464743,445,919,197163.810525,196328,198229,179748,100603,297702,2919336,1724064,4606438,51734303,37381001,69245122,0.955679562161,0.861091177252,1.06506397793
2020-09-19,,,641.650711053,435,909,197805.461236,196764,199137,178071,98770,297309,2885256,1691639,4583174,51912374,37479771,69542431,0.956378607546,0.860982719316,1.06880422695
2020-09-20,,,631.003789241,425,898,198436.465026,197189,200035,176475,96995,296550,2852477,1660029,4561945,52088849,37576766,69838981,0.957081939414,0.859840142732,1.07193933219
2020-09-21,,,620.602627756,415,888,199057.067653,197604,200922,174960,95244,296655,2820985,1629235,4543261,52263809,37672010,70135636,0.957789434955,0.857774366201,1.07444496718
2020-09-22,,,610.452032763,405,877,199667.519686,198010,201798,173525,93483,297031,2790770,1599062,4526670,52437334,37765493,70432667,0.958500968061,0.856329877367,1.07708734725
2020-09-23,,,600.556328616,396,868,200268.076015,198407,202666,172170,91830,297088,2761819,1569698,4512109,52609504,37857323,70729755,0.95921640926,0.854331902025,1.08003408732
2020-09-24,,,590.913811346,387,860,200858.989826,198795,203525,170895,90339,297908,2734120,1541280,4500190,52780399,37947662,71027663,0.959935625587,0.852484452418,1.08340036913
2020-09-25,,,581.52346983,379,852,201440.513296,199174,204377,169700,88866,298656,2707663,1513575,4490848,52950099,38036528,71326319,0.960658480338,0.850545571714,1.0867636679
2020-09-26,,,572.384803617,370,845,202012.8981,199545,205221,168585,87486,299674,2682441,1486813,4484619,53118684,38124014,71625993,0.961384832788,0.848972852386,1.08939443405
2020-09-27,,,563.497510408,362,836,202576.39561,199907,206056,167549,86102,300946,2658445,1460700,4481325,53286233,38210116,71926939,0.962114537929,0.847193428199,1.09214523625
2020-09-28,,,554.860932042,354,827,203131.256542,200262,206883,166594,84655,301697,2635670,1435291,4480353,53452827,38294771,72228636,0.962847446249,0.84538534376,1.09491352508
2020-09-29,,,546.587163697,346,819,203677.843706,200608,207701,165719,83185,303573,2614112,1410437,4482476,53618546,38377956,72532209,0.963583403502,0.843584773158,1.09818302227
2020-09-30,,,538.543539681,339,812,204216.387245,200947,208513,164924,81737,305313,2593766,1386070,4487451,53783470,38459693,72837522,0.964322250444,0.841791608381,1.10169467583
2020-10-01,,,530.728975999,332,805,204747.116221,201279,209317,164211,80339,307492,2574630,1362212,4495646,53947681,38540032,73145014,0.965071395296,0.840005741673,1.10505671979
2020-10-02,,,523.142447579,324,796,205270.258669,201605,210113,163580,79000,309800,2556703,1338759,4506850,54111261,38619032,73454814,0.965826360683,0.838293732108,1.10855328511
2020-10-03,,,515.782976663,318,789,205786.041646,201923,210901,163030,77768,312351,2539986,1315922,4521486,54274291,38696800,73767165,0.96658386357,0.83651824677,1.11203981797
2020-10-04,,,508.6493214,311,783,206294.690967,202235,211683,162564,76586,315477,2524480,1293739,4539639,54436855,38773386,74082642,0.967347473908,0.834749754421,1.11643287692
2020-10-05,,,501.740039357,305,778,206796.431006,202541,212460,162182,75420,318606,2510187,1272165,4561682,54599037,38848806,74401248,0.968119595068,0.832988149622,1.12080874262
2020-10-06,,,495.053626421,299,773,207291.484633,202841,213232,161885,74397,322375,2497113,1251320,4587391,54760922,38923203,74723623,0.968895451319,0.831233327751,1.12387323332
2020-10-07,,,488.588604673,293,768,207780.073238,203135,213999,161674,73298,325782,2485262,1231136,4616135,54922596,38996501,75049405,0.969672844833,0.829555580693,1.12691329143
2020-10-08,,,482.34354388,288,763,208262.416781,203423,214760,161549,72191,329481,2474641,1211500,4648523,55084145,39068692,75378886,0.970452245921,0.827874528866,1.1299270183
2020-10-09,,,476.31689889,282,758,208738.73368,203706,215517,161513,71200,333566,2465259,1192364,4684172,55245658,39139892,75712452,0.971241108263,0.826108528051,1.13291241649
2020-10-10,,,470.507006232,276,752,209209.240687,203983,216269,161567,70165,338393,2457126,1173665,4723909,55407225,39210057,76050845,0.972039091496,0.825047303844,1.13591251103
2020-10-11,,,464.912118067,271,748,209674.152805,204254,217015,161712,69104,343748,2450253,1155282,4767983,55568937,39279161,76394593,0.972840549132,0.823256792564,1.13884502913
2020-10-12,,,459.530435202,266,744,210133.68324,204521,217758,161949,68095,348218,2444653,1137274,4815260,55730886,39347256,76742811,0.973643584308,0.823161527242,1.142287666
2020-10-13,,,454.360236431,261,740,210588.043476,204783,218497,162281,67232,353289,2440340,1119852,4866863,55893167,39414488,77096100,0.974449494452,0.823050620349,1.14542474874
2020-10-14,,,449.399965626,256,736,211037.443442,205040,219232,162709,66379,359267,2437330,1103047,4922569,56055876,39480867,77455367,0.9752608363,0.822977968195,1.14853226963
2020-10-15,,,444.64808755,251,734,211482.091529,205292,219965,163236,65511,365580,2435642,1086825,4982848,56219112,39546378,77820947,0.976095123963,0.822557016457,1.15255181209
2020-10-16,,,440.103099784,247,732,211922.194629,205539,220695,163863,64525,371924,2435294,1071013,5047301,56382975,39610903,78192871,0.976935020772,0.821262063824,1.15639068754
2020-10-17,,,435.763562941,242,730,212357.958192,205782,221424,164592,63706,379428,2436307,1055719,5116950,56547567,39674609,78572299,0.977775611041,0.820209142906,1.16021313508
2020-10-18,,,431.628146944,238,729,212789.586339,206021,222152,165427,62873,387532,2438703,1040822,5192148,56712994,39737482,78959831,0.978616346194,0.819650364223,1.16317498778
2020-10-19,,,427.695774895,234,727,213217.282114,206256,222878,166369,62104,395114,2442508,1026342,5271807,56879363,39799586,79354945,0.979459304563,0.819169815016,1.16577365368
2020-10-20,,,423.965488049,230,727,213641.247602,206486,223604,167422,61287,403823,2447748,1012209,5357035,57046785,39860873,79758768,0.980306839775,0.818906817058,1.16866189204
2020-10-21,,,420.436449278,225,728,214061.684051,206713,224330,168588,60521,411608,2454450,998333,5446279,57215373,39921394,80170376,0.981157259524,0.819181727556,1.17245644157
2020-10-22,,,417.107957093,221,730,214478.792008,206935,225058,169869,59777,419455,2462646,984813,5539964,57385242,39981171,80589831,0.982022567706,0.818541351253,1.17551036315
2020-10-23,,,413.979472093,217,730,214892.771481,207153,225787,171270,59154,428043,2472367,971776,5638537,57556512,40040325,81017874,0.98288845183,0.817361451989,1.17886622242
2020-10-24,,,411.050879685,214,732,215303.82236,207368,226517,172794,58537,439375,2483648,959113,5744353,57729306,40098862,81457249,0.983752811606,0.817989335305,1.18256334649
2020-10-25,,,408.322233034,210,735,215712.144593,207579,227250,174443,57932,449964,2496525,946880,5855919,57903749,40156794,81907213,0.984616034998,0.817050294471,1.18645922254
2020-10-26,,,405.793761482,207,738,216117.938355,207787,227986,176222,57295,460662,2511035,935069,5972822,58079971,40214089,82367875,0.985479048837,0.817105943667,1.19032192785
2020-10-27,,,403.465887087,204,741,216521.404242,207992,228725,178135,56642,472022,2527221,923615,6096611,58258106,40270731,82839897,0.986337009836,0.816682981695,1.19414834566
2020-10-28,,,401.339256139,200,745,216922.743498,208193,229468,180184,56031,482493,2545124,912413,6225794,58438290,40326762,83322390,0.987191810255,0.816280076921,1.19741833897
2020-10-29,,,399.414775861,197,749,217322.158274,208391,230215,182374,55417,495313,2564789,901451,6361819,58620664,40382179,83817703,0.98804581333,0.815922816634,1.2006237573
2020-10-30,,,397.693600994,193,754,217719.851875,208585,230967,184710,54898,508374,2586264,890839,6504596,58805374,40437077,84326077,0.988898599249,0.815434421101,1.20299635969
2020-10-31,,,396.177122722,190,761,218116.028998,208777,231726,187195,54353,520686,2609597,880668,6653353,58992569,40491430,84846763,0.989744776949,0.814498298618,1.20555447331
2020-11-01,,,394.866970656,187,768,218510.895968,208965,232491,189835,53782,534050,2634839,870744,6807975,59182404,40545212,85380813,0.990585359517,0.813588772401,1.20787378595
