date,actual_deaths,total_deaths,predicted_deaths_mean,predicted_deaths_lower,predicted_deaths_upper,predicted_total_deaths_mean,predicted_total_deaths_lower,predicted_total_deaths_upper,predicted_new_infected_mean,predicted_new_infected_lower,predicted_new_infected_upper,predicted_current_infected_mean,predicted_current_infected_lower,predicted_current_infected_upper,predicted_total_infected_mean,predicted_total_infected_lower,predicted_total_infected_upper,r_values_mean,r_values_lower,r_values_upper
2020-02-05,0,0,,,,,,,125,65,178,125,65,178,125,65,178,2.2630281145,2.1,2.4
2020-02-06,0,0,,,,,,,125,65,178,251,130,356,250,130,356,2.26301878496,2.09999114936,2.39999968169
2020-02-07,0,0,,,,,,,125,65,178,376,194,534,375,195,534,2.26301562389,2.09998826718,2.39999951102
2020-02-08,0,0,,,,,,,125,65,178,501,260,712,500,260,712,2.26301137924,2.09998444644,2.39999927782
2020-02-09,0,0,,,,,,,287,163,404,788,438,1103,787,423,1116,2.26300567454,2.09997938149,2.3999988995
2020-02-10,0,0,,,,,,,287,163,404,1076,607,1502,1074,586,1520,2.26299800056,2.09997266718,2.39999832148
2020-02-11,0,0,,,,,,,287,163,404,1363,773,1903,1361,749,1924,2.2629876676,2.09996376642,2.3999974317
2020-02-12,0,0,,,,,,,287,163,404,1650,938,2305,1648,912,2328,2.26297374043,2.09995196726,2.39999610231
2020-02-13,0,0,,,,,,,466,280,650,2116,1238,2935,2114,1192,2978,2.26295494928,2.09993632596,2.39999412944
2020-02-14,0,0,,,,,,,674,411,936,2790,1655,3866,2788,1603,3914,2.26289983241,2.09988336315,2.39996710384
2020-02-15,0,0,,,,,,,1214,750,1629,4004,2461,5455,4002,2353,5543,2.26286179412,2.09985131559,2.39996010472
2020-02-16,0,0,,,,,,,2408,1474,3096,6412,4063,8489,6410,3827,8639,2.2628032041,2.09980106818,2.39994322037
2020-02-17,0,0,,,,,,,3895,2533,4926,10307,6731,13329,10305,6360,13565,2.26272813789,2.09973688675,2.39992363161
2020-02-18,0,0,,,,,,,4310,2850,5464,14617,9622,18766,14615,9210,19029,2.26262966339,2.09965408167,2.39989864855
2020-02-19,0,0,,,,,,,5067,3411,6412,19684,13097,25135,19682,12621,25441,2.26249864605,2.09954561261,2.39986530013
2020-02-20,0,0,,,,,,,5206,3518,6601,24764,16562,31550,24888,16139,32042,2.26232185715,2.09940132012,2.39981868818
2020-02-21,0,0,,,,,,,5735,3936,7260,30374,20457,38612,30623,20075,39302,2.2620816748,2.09920801783,2.39975224724
2020-02-22,0,0,,,,,,,6820,4751,8643,37069,25189,47039,37443,24826,47945,2.26175796716,2.09896182898,2.3996584361
2020-02-23,0,0,,,,,,,8162,5769,10328,45106,30988,57115,45605,30595,58273,2.26132170057,2.09864649742,2.39951138085
2020-02-24,0,0,,,,,,,10369,7309,13208,55187,38215,69861,55974,37904,71481,2.26073126137,2.09823514652,2.39932451741
2020-02-25,0,0,,,,,,,16252,10908,20681,71152,49137,90024,72226,48812,92162,2.25992938603,2.0976975651,2.39905037585
2020-02-26,0,0,,,,,,,19645,13404,25029,90510,62422,114611,91871,62216,117191,2.25883713916,2.09697641831,2.39862503992
2020-02-27,0,0,,,,,,,21425,14512,27491,111648,76785,141685,113296,76728,144682,2.25734754368,2.09592784681,2.39802934807
2020-02-28,0,0,,,,,,,26059,17468,33777,137241,93971,174803,139355,94196,178459,2.25531333361,2.0943905036,2.39717347291
2020-02-29,1,1,,,,,,,31866,20833,41959,168433,114402,215784,171221,115029,220418,2.25253123884,2.09223958589,2.39589771444
2020-03-01,0,1,,,,,,,41388,26482,55121,208607,140196,269167,212609,141511,275539,2.24872203351,2.0896785598,2.39402281477
2020-03-02,5,6,,,,,,,51487,32575,69186,257686,171404,335117,264096,174086,344725,2.24350431269,2.08614276279,2.39126326863
2020-03-03,1,7,,,,,,,63899,40264,86537,317690,209225,416582,327995,214350,431262,2.23636128188,2.08127262606,2.38720014366
2020-03-04,4,11,,,,,,,78418,48770,107150,391798,255242,518097,406413,263120,538412,2.22659938235,2.07486551745,2.3812216533
2020-03-05,1,12,,,,,,,98105,60494,134730,484837,312424,646225,504518,323614,673142,2.21330169038,2.06595083913,2.3725340287
2020-03-06,2,14,,,,,,,120253,73319,165984,599884,382333,805411,624771,396933,839126,2.19528407217,2.05237796695,2.35983955498
2020-03-07,3,17,,,,,,,145326,88810,201494,739475,467296,999491,770097,485743,1040620,2.17107003056,2.03178578368,2.34204840933
2020-03-08,4,21,,,,,,,172777,106980,238297,905432,569511,1229053,942874,592723,1278917,2.13891361452,2.00117098108,2.31634914853
2020-03-09,1,22,,,,,,,201878,128155,274172,1099147,691761,1492920,1144752,720878,1553089,2.09691409578,1.94329952687,2.27890408578
2020-03-10,6,28,,,,,,,231570,153418,310521,1320349,837608,1790364,1376322,874296,1863610,2.04327121434,1.8680626226,2.24752279898
2020-03-11,5,33,,,,,,,258086,176275,345118,1562183,1002925,2114744,1634408,1050571,2208728,1.97670142759,1.7838204716,2.20869404941
2020-03-12,10,43,,,,,,,279814,193558,372510,1822351,1182937,2462246,1914222,1244129,2581238,1.89695217889,1.68637211807,2.15575438762
2020-03-13,8,51,,,,,,,296550,206420,392223,2097476,1374732,2826952,2210772,1450549,2973461,1.805235732,1.57094535044,2.10186641944
2020-03-14,7,58,,,,,,,308059,214399,403602,2379476,1571597,3196718,2518831,1664948,3377063,1.70435340444,1.45284649882,2.04343629674
2020-03-15,12,70,,,,,,,315688,220802,413803,2663297,1771657,3568416,2834519,1885750,3790866,1.59838942394,1.32883853784,1.97711260641
2020-03-16,27,97,,,,,,,319884,226631,423604,2941794,1972073,3936717,3154403,2112381,4214470,1.49206531766,1.21792909083,1.89052764047
2020-03-17,35,132,,,,,,,321553,231049,428252,3211860,2170970,4295575,3475956,2343430,4642722,1.38998813486,1.12344668221,1.78398587831
2020-03-18,59,191,,,,,,,321564,234221,428204,3469525,2365574,4636992,3797520,2577651,5070926,1.2960152425,1.05142083709,1.66478177036
2020-03-19,73,264,,,,,,,320442,237164,425388,3711550,2554862,4954844,4117962,2814815,5496314,1.21285514273,0.999208036333,1.54433169721
2020-03-20,99,363,,,,,,,318659,239397,423104,3932103,2734937,5242629,4436621,3054212,5919418,1.14192304353,0.962606015496,1.43266469341
2020-03-21,99,462,,,,,,,316331,240885,420050,4128180,2903898,5496027,4752952,3295097,6339468,1.0834174735,0.936760751358,1.33522238955
2020-03-22,110,572,,,,,,,313557,241562,416034,4296412,3058177,5709858,5066509,3536659,6755502,1.03656474554,0.918530536693,1.25108648489
2020-03-23,189,761,,,,,,,310481,241817,410182,4434116,3194667,5881012,5376990,3778476,7165684,0.999959618978,0.894942038076,1.17541545807
2020-03-24,239,1000,,,,,,,307149,241521,402039,4539387,3309706,6007996,5684139,4019997,7567723,0.971913481957,0.877038165303,1.11270258991
2020-03-25,324,1324,,,,,,,303602,240531,394398,4611419,3398436,6090789,5987741,4260528,7962121,0.950732779112,0.8661934754,1.06072756508
2020-03-26,408,1732,,,,,,,299836,238545,387662,4653169,3462148,6132388,6287577,4499073,8349783,0.934892720284,0.858347199146,1.02237464649
2020-03-27,518,2250,,,,,,,295839,234423,380070,4669195,3503654,6139067,6583416,4733496,8729853,0.92311463184,0.853073109086,0.995138898906
2020-03-28,633,2883,,,,,,,291618,230098,372457,4664263,3527232,6118502,6875034,4963594,9102310,0.914376817603,0.848996301096,0.979560525058
2020-03-29,586,3469,,,,,,,287209,225784,365435,4643412,3537760,6079595,7162243,5189378,9467745,0.907889532522,0.845645661688,0.967372113047
2020-03-30,692,4161,,,,,,,282564,221475,358127,4610288,3537055,6023549,7444807,5410853,9825872,0.903056040574,0.843284897127,0.959507098443
2020-03-31,1085,5246,,,,,,,277731,216799,350530,4568135,3525431,5950587,7722538,5627652,10176402,0.89943237204,0.841854732358,0.954358935685
2020-04-01,1172,6418,,,,,,,272725,212308,343000,4519308,3504750,5865868,7995263,5839960,10519402,0.896691636999,0.840799212272,0.950679095808
2020-04-02,1503,7921,,,,,,,267572,207843,335878,4465315,3476580,5774438,8262835,6047803,10855280,0.89459479117,0.839671380531,0.947968422972
2020-04-03,1392,9313,,,,,,,262296,203420,329393,4407169,3441215,5679434,8525131,6251223,11184673,0.892967779966,0.838623150719,0.945654200295
2020-04-04,1523,10836,,,,,,,256922,198867,322558,4345432,3399329,5579939,8782053,6450090,11507231,0.891684184955,0.837919717612,0.943884051886
2020-04-05,1590,12426,,,,,,,251481,194707,316362,4280582,3352168,5477422,9033534,6644797,11823593,0.890652295489,0.837317550321,0.942439723454
2020-04-06,1770,14196,,,,,,,246007,190287,309564,4213032,3300259,5372225,9279541,6835084,12133157,0.889805595596,0.836520085021,0.94129872335
2020-04-07,2571,16767,,,,,,,240532,186001,302973,4143082,3244087,5266213,9520073,7021085,12436130,0.889095819898,0.835901071122,0.940482089678
2020-04-08,2146,18913,,,,,,,235086,181556,296331,4071019,3183916,5161450,9755159,7202641,12732461,0.888487910527,0.835416542293,0.939881794898
2020-04-09,2228,21141,,,,,,,229695,177201,289592,3997112,3120426,5057352,9984854,7379842,13022053,0.887956365956,0.834910976133,0.939444906049
2020-04-10,2218,23359,,,,,,,224382,172895,283276,3921659,3054601,4953531,10209236,7552737,13305329,0.887482602156,0.834501104263,0.938899579709
2020-04-11,2119,25478,,,,,,,219164,168645,276911,3844984,2988675,4850780,10428400,7721382,13582240,0.887050741309,0.834174038722,0.93835839854
2020-04-12,1816,27294,,,,,,,214054,164585,270771,3767420,2923059,4749354,10642454,7885967,13853011,0.886653511481,0.8338225524,0.937961148871
2020-04-13,1946,29240,,,,,,,209059,160595,264722,3689270,2857814,4648785,10851513,8046562,14117733,0.886284573046,0.833489346105,0.937560828162
2020-04-14,2455,31695,,,,,,,204184,156608,259017,3610890,2792924,4549750,11055697,8203170,14376750,0.885936856557,0.833115247539,0.937246266976
2020-04-15,2609,34304,,,,,,,199432,152765,253576,3532591,2728895,4452809,11255129,8355935,14630326,0.885614361045,0.832815977149,0.936954432709
2020-04-16,2176,36480,,,,,,,194802,148888,248187,3454667,2665507,4357980,11449931,8504823,14878513,0.88530623104,0.832475152885,0.936601392735
2020-04-17,2093,38573,,,,,,,190293,145189,243140,3377388,2602899,4265221,11640224,8650012,15121653,0.885014550974,0.832218120037,0.936344082927
2020-04-18,1960,40533,,,,,,,185902,141527,238225,3300994,2541057,4174027,11826126,8791539,15359878,0.884736924522,0.831997434294,0.936060055951
2020-04-19,1931,42464,,,,,,,181626,138002,233317,3225698,2480235,4084781,12007752,8929541,15593195,0.884474472078,0.831773253556,0.93575791713
2020-04-20,2186,44650,,,,,,,177462,134565,228683,3151679,2420114,3997126,12185214,9064106,15821878,0.884226344678,0.831531160127,0.935514609125
2020-04-21,2548,47198,,,,,,,173407,131037,223924,3079078,2360867,3911533,12358621,9195143,16045802,0.88399324622,0.831352922824,0.935268997494
2020-04-22,2434,49632,,,,,,,169457,127693,219490,3008004,2302530,3828145,12528078,9322836,16265292,0.883776933631,0.831151727443,0.935025516588
2020-04-23,2466,52098,,,,,,,165612,124436,215237,2938530,2245380,3747171,12693690,9447272,16480529,0.883580610451,0.830986203608,0.934769532166
2020-04-24,2154,54252,,,,,,,161867,121213,211079,2870702,2189349,3668793,12855557,9568485,16691608,0.883408584678,0.830795293894,0.93452610392
2020-04-25,1698,55950,,,,,,,158223,118049,207035,2804543,2134453,3592683,13013780,9686534,16898643,0.88326665519,0.830639265174,0.934305143265
2020-04-26,1329,57279,,,,,,,154678,115029,203280,2740056,2080792,3519169,13168458,9801563,17101923,0.883163213772,0.830493851337,0.934044861227
2020-04-27,1466,58745,,,,,,,151229,111905,199388,2677232,2028070,3447880,13319687,9913468,17301311,0.883109105988,0.830399605036,0.933940449541
2020-04-28,2241,60986,,,,,,,147876,108918,195728,2616049,1976357,3378962,13467563,10022386,17497039,0.883119169813,0.830418889611,0.933781809627
2020-04-29,2521,63507,,,,,,,144620,105960,192171,2556485,1925673,3312180,13612183,10128346,17689210,0.88321321644,0.830331496989,0.933665534562
2020-04-30,2322,65829,,,,,,,141459,103201,188682,2498512,1876075,3247332,13753642,10231547,17877892,0.883417436692,0.830346628263,0.933576858536
2020-05-01,1891,67720,,,,,,,138396,100457,185439,2442107,1827616,3184613,13892038,10332004,18063331,0.883766156987,0.83034537593,0.933513858913
2020-05-02,1692,69412,,,,,,,135431,97771,182339,2387245,1780174,3123823,14027469,10429775,18245670,0.884303759802,0.830401415598,0.933591399613
2020-05-03,1120,70532,,,,,,,132565,95165,179224,2333909,1733790,3064824,14160034,10524940,18424894,0.885086538068,0.830452359686,0.933740431817
2020-05-04,1333,71865,,,,,,,129803,92706,176343,2282086,1688468,3007842,14289837,10617646,18601237,0.88618403028,0.830638145398,0.934401532992
2020-05-05,2318,74183,,,,,,,127149,90340,173550,2231774,1644216,2952696,14416986,10707986,18774787,0.887678995064,0.831061000648,0.935370802679
2020-05-06,2364,76547,,,,,,,124607,87998,170779,2182974,1601154,2899533,14541593,10795984,18945566,0.889664831868,0.831392585692,0.939981647063
2020-05-07,1934,78481,,,,,,,122182,85775,168145,2135699,1559213,2848169,14663775,10881759,19113711,0.892239151068,0.83174694028,0.95323411562
2020-05-08,1747,80228,,,,,,,119883,83551,165681,2089970,1518312,2798593,14783658,10965310,19279392,0.895492932683,0.831967150337,0.969581581163
2020-05-09,1488,81716,,,,,,,117718,81538,163269,2045821,1478625,2750766,14901376,11046848,19442661,0.899496923416,0.832194490676,0.990126790292
2020-05-10,893,82609,,,,,,,115698,79753,161062,2003296,1440321,2704780,15017074,11126601,19603723,0.904290347751,0.832569358911,1.01616003449
2020-05-11,1014,83623,,,,,,,113836,78122,159100,1962454,1403409,2660588,15130910,11204723,19762823,0.909879116148,0.832895296492,1.04926828496
2020-05-12,1627,85250,,,,,,,112144,76496,157203,1923369,1367996,2618391,15243054,11281219,19920026,0.916247412432,0.833811489991,1.07841521778
2020-05-13,1764,87014,,,,,,,110638,75096,155551,1886130,1334172,2578207,15353692,11356315,20075577,0.923377419956,0.834423222713,1.106369425
2020-05-14,1783,88797,,,,,,,109332,73760,154134,1850842,1301975,2540161,15463024,11430075,20229711,0.931264747822,0.835823555972,1.13117197997
2020-05-15,1681,90478,,,,,,,108242,72708,152993,1817625,1271489,2504467,15571266,11502783,20382704,0.939920864574,0.83786960329,1.15190007093
2020-05-16,1216,91694,,,,,,,107383,71934,152219,1786611,1242975,2471238,15678649,11574717,20534923,0.94936545318,0.840184750033,1.16977065311
2020-05-17,758,92452,,,,,,,106768,71225,151633,1757948,1216443,2440524,15785417,11645942,20686556,0.959617070369,0.843702479421,1.1824621911
2020-05-18,1172,93624,,,,,,,106412,70783,151587,1731795,1192081,2412874,15891829,11716725,20838143,0.970683247827,0.848546349933,1.19534886314
2020-05-19,1552,95176,,,,,,,106326,70412,151779,1708318,1169813,2388290,15998155,11787137,20989922,0.982542255663,0.855163939945,1.22765662674
2020-05-20,1526,96702,,,,,,,106523,70324,152397,1687692,1149829,2367108,16104678,11857461,21142319,0.995114141252,0.864257117773,1.23719324203
2020-05-21,1217,97919,,,,,,,107012,70500,153189,1670098,1132368,2349484,16211690,11927961,21295508,1.00823593911,0.87489054639,1.25194710638
2020-05-22,1244,99163,,,,,,,107803,70903,154368,1655718,1117540,2335667,16319493,11998864,21449876,1.0216651054,0.875706550783,1.25713728437
2020-05-23,1109,100272,,,,,,,108907,71497,155799,1644742,1105532,2325744,16428400,12070361,21605675,1.03512170258,0.875810111091,1.26489809771
2020-05-24,622,100894,,,,,,,110332,72443,157518,1637356,1096484,2319954,16538732,12142804,21763193,1.04835288599,0.876028376893,1.27014019645
2020-05-25,548,101442,,,,,,,112088,73645,159542,1633745,1090421,2318396,16650820,12216449,21922735,1.06118634409,0.876738740631,1.27579502783
2020-05-26,662,102104,,,,,,,114195,75158,162040,1634104,1087508,2321301,16765015,12291607,22084775,1.07354649997,0.878418708855,1.29731498922
2020-05-27,1518,103622,,,,,,,116662,77052,164984,1638622,1088116,2329048,16881677,12368659,22249759,1.08543245176,0.879597963887,1.30509803729
2020-05-28,1178,104800,,,,,,,119497,79184,168674,1647481,1092253,2342130,17001174,12447843,22418433,1.09687723831,0.88160307292,1.31169093918
2020-05-29,1160,105960,,,,,,,122712,81705,172836,1660861,1100248,2360786,17123886,12529548,22591269,1.10791524115,0.883478824856,1.31794004596
2020-05-30,963,106923,,,,,,,126324,84415,177035,1678943,1112000,2384787,17250210,12613963,22768304,1.11860427114,0.886529180459,1.31964501637
2020-05-31,581,107504,,,,,,,130350,87567,182290,1701910,1127668,2414804,17380560,12701530,22950594,1.1289827352,0.891205796418,1.33318011567
2020-06-01,776,108280,,,,,,,134813,91045,187929,1729955,1147525,2451051,17515373,12792575,23138523,1.13908241679,0.897968196744,1.34170202836
2020-06-02,1068,109348,,,,,,,139729,94742,193973,1763273,1171522,2493383,17655102,12887317,23332496,1.14887496901,0.907303525467,1.34798183909
2020-06-03,1007,110355,,,,,,,145119,98949,200557,1802066,1200081,2542093,17800221,12986266,23533053,1.15827976753,0.92015560957,1.3521092888
2020-06-04,1023,111378,,,,,,,151005,103542,208010,1846548,1233314,2597620,17951226,13089808,23741063,1.16715811368,0.92929173224,1.35496941043
2020-06-05,914,112292,,,,,,,157406,108556,216423,1896941,1271389,2660763,18108632,13198364,23957486,1.17538275766,0.936565935822,1.35555705203
2020-06-06,659,112951,,,,,,,164340,113845,224921,1953478,1314343,2731237,18272972,13312209,24182407,1.18285930203,0.941304708281,1.35541056973
2020-06-07,438,113389,,,,,,,171828,119467,234614,2016399,1362312,2809950,18444800,13431676,24417021,1.18950010868,0.949524464909,1.353467257
2020-06-08,519,113908,,,,,,,179885,125529,244715,2085952,1415389,2897041,18624685,13557205,24661736,1.1952730837,0.958664551945,1.35402857801
2020-06-09,950,114858,,,,,,,188523,131963,256051,2162387,1473692,2993454,18813208,13689168,24917787,1.20013395482,0.970424365471,1.35332220036
2020-06-10,901,115759,,,,,,,197747,139125,267903,2245939,1537645,3099241,19010955,13828293,25185690,1.20407731108,0.986371133665,1.35381796897
2020-06-11,871,116630,,,,,,,207556,146643,280658,2336834,1607233,3214884,19218511,13974936,25466348,1.20711267051,1.00938361163,1.3539595029
2020-06-12,828,117458,,,,,,,217939,154720,293871,2435276,1682758,3340069,19436450,14129656,25760219,1.20923971216,1.03663825483,1.35485829401
2020-06-13,759,118217,,,,,,,228874,162778,307698,2541438,1763841,3474930,19665324,14292434,26067917,1.21047635727,1.05739116234,1.3558505178
2020-06-14,308,118525,,,,,,,240328,171549,322159,2655443,1850977,3620063,19905652,14463983,26390076,1.21079430737,1.05460552153,1.35532475942
2020-06-15,394,118919,,,,,,,252250,180868,336357,2777342,1944266,3774180,20157902,14644851,26726433,1.21020582714,1.04919283996,1.35632694534
2020-06-16,838,119757,,,,,,,264576,190966,351764,2907105,2044168,3938089,20422478,14835817,27078197,1.20868158226,1.04100045284,1.35608465699
2020-06-17,744,120501,,,,,,,277226,200891,367279,3044601,2150308,4111488,20699704,15036708,27445476,1.20621636143,1.03024928085,1.3570896351
2020-06-18,718,121219,,,,,,,290104,211071,382966,3189586,2262414,4293967,20989808,15247779,27828442,1.20280950756,1.02469122659,1.35791114397
2020-06-19,670,121889,,,,,,,303101,221486,397660,3341681,2380348,4483662,21292909,15469265,28226102,1.19844361727,1.01011975814,1.35817587057
2020-06-20,604,122493,,,,,,,316094,231856,413282,3500369,2503649,4680544,21609003,15701121,28639384,1.19312790621,1.00436765979,1.35809250929
2020-06-21,285,122778,,,,,,,328953,242237,428668,3664983,2632038,4884294,21937956,15943358,29068052,1.1868716883,0.996713531969,1.35771318574
2020-06-22,389,123167,,,,,,,341546,253204,443114,3834701,2765757,5092731,22279502,16196562,29511166,1.17976897788,0.987936862532,1.35696194047
2020-06-23,847,124014,,,,,,,353744,264084,457174,4008561,2904293,5305096,22633246,16460646,29968340,1.17194404902,0.98345877509,1.35557850698
2020-06-24,759,124773,,,,,,,365430,275176,469536,4185468,3047503,5518527,22998676,16735822,30437876,1.16354180598,0.977912295473,1.35438929296
2020-06-25,551,125324,,,,,,,376500,284894,482269,4364221,3193264,5732884,23375176,17020716,30920145,1.15471551049,0.973715302664,1.35340011667
2020-06-26,617,125941,,,,,,,386870,293845,495380,4543535,3340485,5947640,23762046,17314561,31415525,1.14558478164,0.968707481806,1.3529180266
2020-06-27,504,126445,,,,,,,396479,302670,506867,4722074,3488451,6160698,24158525,17617231,31922392,1.13627862803,0.958657635877,1.35180063071
2020-06-28,273,126718,,,,,,,405280,310806,515693,4898480,3636531,6368775,24563805,17928037,32438085,1.12689507551,0.95043624962,1.35033857359
2020-06-29,377,127095,,,,,,,413251,317368,523977,5071403,3782407,6570729,24977056,18245405,32962062,1.11752077311,0.945206663324,1.3477790173
2020-06-30,625,127720,,,,,,,420383,323626,532664,5239536,3925226,6767164,25397439,18569031,33494726,1.10821377758,0.942159393913,1.34599456069
2020-07-01,694,128414,,,,,,,426684,329428,539344,5401644,4063742,6954855,25824123,18898459,34034070,1.09899079985,0.938900915522,1.3423890335
2020-07-02,727,129141,,,,,,,432175,335134,545287,5556594,4198044,7132963,26256298,19233593,34579357,1.08985101026,0.93484693456,1.33781180197
2020-07-03,660,129801,,,,,,,436884,339349,551102,5703373,4326346,7301119,26693182,19572942,35130459,1.08077180011,0.931026524136,1.33117629391
2020-07-04,265,130066,,,,,,,440844,343155,554476,5841117,4448020,7457921,27134026,19916097,35684935,1.07175361502,0.928100508301,1.32210742765
2020-07-05,288,130354,,,,,,,444095,346709,558124,5969118,4562844,7602711,27578121,20262806,36243059,1.06282356009,0.925781586098,1.31046130365
2020-07-06,355,130709,,,,,,,446676,349034,561513,6086841,4669584,7735483,28024797,20611840,36804572,1.05403922831,0.920844473118,1.30144064971
2020-07-07,1222,131931,,,,,,,448629,350383,562925,6193923,4766704,7855215,28473426,20962223,37367497,1.04547502567,0.916455136239,1.29043552925
2020-07-08,863,132794,,,,,,,449994,351787,565011,6290172,4854351,7962987,28923420,21314010,37932508,1.03721029831,0.914362854685,1.28165341257
2020-07-09,1003,133797,,,,,,,450810,352531,565835,6375553,4931693,8059216,29374230,21666541,38498343,1.02931581026,0.912196948863,1.27297709403
2020-07-10,824,134621,,,,,,,451115,352919,566142,6450168,4999713,8143048,29825345,22019460,39064485,1.02184714844,0.909589039944,1.26331854379
2020-07-11,690,135311,,,,,,,450941,353276,566065,6514239,5059145,8213721,30276286,22372736,39630550,1.01484856982,0.907541370705,1.25351523024
2020-07-12,459,135770,,,,,,,450321,353223,566500,6568081,5109692,8273371,30726607,22725959,40197050,1.00835168516,0.901923156198,1.24126807907
2020-07-13,367,136137,,,,,,,449284,352209,565535,6612085,5151085,8323250,31175891,23078168,40762585,1.0023702334,0.898715970637,1.22822575201
2020-07-14,926,137063,,,,,,,447857,350928,564836,6646691,5184633,8364158,31623748,23429096,41327421,0.996896865835,0.897855195936,1.21103263663
2020-07-15,968,138031,,,,,,,446066,349568,562590,6672375,5210550,8394143,32069814,23778664,41890011,0.991907212063,0.895906514306,1.19858006955
2020-07-16,943,138974,,,,,,,443938,347147,560269,6689628,5228232,8415130,32513752,24125811,42450280,0.987369344532,0.895214886524,1.18447012949
2020-07-17,930,139904,,,,,,,441495,344541,557527,6698949,5237607,8427430,32955247,24470352,43007807,0.983251980803,0.894424014234,1.16947323954
2020-07-18,868,140772,,,,,,,438762,341766,554886,6700826,5239972,8431280,33394009,24812118,43562693,0.979527180616,0.89375766211,1.15153287314
2020-07-19,447,141219,,,,,,,435760,338926,552132,6695742,5235704,8428999,33829769,25151044,44114825,0.976168792693,0.893094321082,1.13419340464
2020-07-20,514,141733,,,,,,,432512,335745,548876,6684159,5224671,8419792,34262281,25486789,44663701,0.973150267871,0.890171000517,1.12133744779
2020-07-21,1107,142840,,,,,,,429039,332650,545160,6666523,5208210,8403472,34691320,25819439,45208861,0.970443797908,0.887569557356,1.10155200285
2020-07-22,1216,144056,,,,,,,425362,329364,541761,6643256,5187131,8382330,35116682,26148803,45750622,0.968020532469,0.886483627232,1.07222440043
2020-07-23,1094,145150,,,,,,,421500,325945,538061,6614763,5161238,8355394,35538182,26474748,46288683,0.965851145319,0.882399263118,1.05880346352
2020-07-24,1132,146282,,,,,,,417471,322021,534694,6581424,5130692,8324268,35955653,26796769,46823377,0.963906566414,0.879638243956,1.05061435634
2020-07-25,899,147181,,,,,,,413292,317923,530895,6543601,5095672,8289028,36368945,27114692,47354272,0.962158970513,0.877864971823,1.04491829606
2020-07-26,472,147653,,,,,,,408980,313073,526930,6501640,5055439,8249896,36777925,27427765,47881202,0.96058291483,0.87659503658,1.04041955727
2020-07-27,1120,148773,,,,,,,404549,308581,522884,6455868,5010769,8206294,37182474,27736346,48404086,0.959156285943,0.875592031397,1.03856103534
2020-07-28,1374,150147,,,,,,,400014,303760,519460,6406599,4962284,8160219,37582488,28040106,48923546,0.957860713228,0.875162575105,1.0355687433
2020-07-29,1432,151579,,,,,,,395388,299161,515110,6354130,4910478,8110520,37977876,28339267,49438656,0.956681305111,0.874785743906,1.03156574233
2020-07-30,1209,152788,,,,,,,390684,294330,510963,6298748,4855198,8058925,38368560,28633597,49949619,0.955605835316,0.875228004524,1.02849731551
2020-07-31,1243,154031,,,,,,,385912,289170,506420,6240721,4797186,8005102,38754472,28922767,50456039,0.954623710252,0.874872277879,1.02749263022
2020-08-01,1115,155146,,,,,,,381082,284595,502510,6180308,4737207,7950087,39135554,29207362,50958549,0.953725083739,0.874527857294,1.02583819825
2020-08-02,403,155549,,,,,,,376205,279845,497957,6117752,4675260,7893156,39511759,29487207,51456506,0.952900349551,0.874193900048,1.02513434929
2020-08-03,530,156079,,,,,,,371289,274877,493683,6053281,4611202,7834707,39883048,29762084,51950189,0.952140037703,0.873869743394,1.02445033443
2020-08-04,1378,157457,,,,,,,366342,269382,489010,5987111,4544829,7774814,40249390,30031466,52439199,0.951434987996,0.873554855524,1.02381959282
2020-08-05,1376,158833,,,,,,,361371,264241,484151,5919443,4476410,7713766,40610761,30295707,52923350,0.950776628348,0.873320418208,1.02318595207
2020-08-06,1253,160086,,,,,,,356385,259172,479248,5850465,4406215,7651220,40967146,30554879,53402598,0.950157223083,0.872840153944,1.02254935525
2020-08-07,1242,161328,,,,,,,351389,254273,474895,5780354,4334547,7588034,41318535,30809152,53877493,0.949570023975,0.872384097264,1.02185000121
2020-08-08,1077,162405,,,,,,,346389,249243,470859,5709272,4261777,7524180,41664924,31058395,54348352,0.949009313941,0.871948871004,1.02123496057
2020-08-09,511,162916,,,,,,,341393,243953,466336,5637373,4187818,7459625,42006317,31302348,54814688,0.948470365049,0.871531852702,1.02063130094
2020-08-10,527,163443,,,,,,,336405,238893,461912,5564798,4113654,7394628,42342722,31541241,55276600,0.947949342375,0.8712546657,1.02003532202
2020-08-11,1064,164507,,,,,,,331431,233877,457475,5491679,4038963,7329238,42674153,31775118,55734075,0.947443182262,0.870938296518,1.01943682257
2020-08-12,1505,166012,,,,,,,326476,229024,453015,5418141,3964237,7262799,43000629,32004142,56187090,0.946949465692,0.870309452506,1.0187612703
2020-08-13,1070,167082,,,,,,,321544,224086,448501,5344296,3889170,7196205,43322173,32228228,56635591,0.946466299432,0.870028295891,1.01810953709
2020-08-14,1338,168420,,,,,,,316640,219350,443786,5270252,3814195,7129058,43638813,32447578,57079377,0.945992211289,0.869800709866,1.01757969093
2020-08-15,1034,169454,,,,,,,311767,214781,438788,5196107,3739803,7061468,43950580,32662359,57518165,0.945526061609,0.869579308859,1.01692497026
2020-08-16,571,170025,,,,,,,306931,209842,434429,5121956,3665043,6993417,44257511,32872201,57952594,0.945066970639,0.869363935291,1.01622021676
2020-08-17,446,170471,,,,,,,302133,205179,429758,5047884,3590369,6925243,44559644,33077380,58382352,0.944614260158,0.868382817223,1.01546920537
2020-08-18,1325,171796,,,,,,,297377,200884,425318,4973972,3516371,6856909,44857021,33278264,58807670,0.944167407283,0.868049394069,1.01485539143
2020-08-19,1353,173149,,,,,,,292665,196494,420817,4900295,3443479,6788740,45149686,33474758,59228487,0.943726008316,0.867725644449,1.01410203459
2020-08-20,1079,174228,,,,,,,288000,192272,416138,4826923,3371504,6720742,45437686,33667030,59644625,0.943289750684,0.867411204119,1.01338352712
2020-08-21,1105,175333,,,,,,,283383,188051,411452,4753921,3300379,6652954,45721069,33855081,60056077,0.942858391305,0.867105746673,1.01270334428
2020-08-22,982,176315,,,,,,,278816,183733,406776,4681349,3229835,6584849,45999885,34038814,60462853,0.942431739971,0.866808975415,1.01206800379
2020-08-23,450,176765,,,,,,,274301,179581,402191,4609260,3160172,6516194,46274186,34218395,60865044,0.942009646644,0.866520617197,1.01157972803
2020-08-24,442,177207,,,,,,,270108,175772,398085,4537976,3091986,6447956,46544294,34394167,61263129,0.942524594535,0.869107276803,1.01174323476
2020-08-25,1239,178446,,,,,,,265961,172149,394081,4467532,3025239,6380139,46810255,34566316,61657210,0.943046676291,0.871354355429,1.01177046717
2020-08-26,1225,179671,,,,,,,261873,168708,389972,4397974,2960065,6312641,47072128,34735024,62047182,0.943575419941,0.872985555813,1.01329861434
2020-08-27,1111,180782,,,,,,,257858,165204,386277,4329357,2896237,6245907,47329986,34900228,62433459,0.944110777344,0.87401615382,1.01393482972
2020-08-28,971,181753,,,,,,,253942,161530,382217,4261755,2833675,6179628,47583928,35061758,62815676,0.944652690611,0.874899435088,1.01584164017
2020-08-29,958,182711,,,,,,,250151,158107,378390,4195266,2772421,6114236,47834079,35219865,63194066,0.945201089125,0.87588373778,1.01652344717
2020-08-30,310,183021,,,,,,,246464,154848,374871,4129963,2712476,6050329,48080543,35374713,63568937,0.945755866211,0.87507856176,1.01874760372
2020-08-31,573,183594,,,,,,,242865,151543,370894,4065897,2654165,5986804,48323408,35526256,63939831,0.946316875036,0.872754549134,1.0205241252
2020-09-01,1067,184661,,,,,,,239353,148471,367330,4003117,2597449,5924389,48562761,35674727,64307161,0.946884003693,0.874105823546,1.02279933998
2020-09-02,1056,185717,,,,,,,235929,145452,364004,3941670,2542014,5863104,48798690,35820179,64671165,0.94745716683,0.874012695613,1.02500913406
2020-09-03,1070,186787,,,,,,,232602,142652,360556,3881606,2488171,5802870,49031292,35962831,65031721,0.948036279868,0.873059459075,1.027268517
2020-09-04,965,187752,,,,,,,229370,139854,357395,3822977,2435750,5744142,49260662,36102685,65389116,0.94862125672,0.872401824884,1.02962313079
2020-09-05,,,826.384965179,597,1125,188578.384965,188349,188877,226230,137044,354408,3765824,2384743,5687108,49486892,36239729,65743524,0.949211995487,0.87226794581,1.03179045247
2020-09-06,,,815.246219915,586,1116,189393.631185,188936,189993,223178,134276,351097,3710185,2335286,5631429,49710070,36374005,66094621,0.949808394204,0.870887044551,1.03376609244
2020-09-07,,,804.065706911,574,1106,190197.696892,189511,191098,220213,131606,348063,3656096,2287312,5577301,49930283,36505611,66442684,0.950410356528,0.870109797323,1.03597206997
2020-09-08,,,792.859659299,564,1095,190990.556551,190075,192192,217336,129012,344995,3603324,2240551,5524207,50147619,36634623,66787679,0.951017789132,0.870814684986,1.03831854329
2020-09-09,,,781.64587015,552,1085,191772.202421,190628,193277,214548,126346,342224,3551911,2194750,5472346,50362167,36760969,67129903,0.951630598146,0.870736760816,1.04054068032
2020-09-10,,,770.443116777,541,1075,192542.645538,191169,194351,211847,123897,339654,3501885,2149943,5422018,50574014,36884866,67469557,0.952248685158,0.870278076665,1.04297072612
2020-09-11,,,759.270827093,529,1066,193301.916365,191699,195416,209233,121398,337507,3453259,2106144,5373238,50783247,37006264,67807064,0.952871948448,0.870177294489,1.04476122224
2020-09-12,,,748.148954857,518,1055,194050.06532,192217,196471,206703,119053,335614,3406020,2063676,5326620,50989950,37125317,68142678,0.953500285453,0.869187164299,1.04749674261
2020-09-13,,,737.095490395,508,1044,194787.160811,192725,197514,204258,116813,334573,3360128,2022389,5282780,51194208,37242130,68477251,0.954133593092,0.868151325346,1.04984630589
2020-09-14,,,726.124814663,497,1033,195513.285625,193223,198546,201897,114621,332828,3315561,1982169,5240721,51396105,37356751,68810079,0.954771767072,0.866649765772,1.05222235202
2020-09-15,,,715.251433264,486,1022,196228.537059,193710,199568,199621,112533,330387,3272317,1943161,5200200,51595726,37469284,69140466,0.955414700532,0.86460485861,1.0547036477
2020-09-16,,,704.489834748,476,1013,196933.026893,194186,200580,197428,110496,328130,3230392,1905189,5160988,51793154,37579780,69468596,0.956062283627,0.863081583521,1.05723628369
2020-09-17,,,693.854129778,466,1003,197626.881023,194653,201583,195318,108438,326776,3189780,1868175,5123756,51988472,37688218,69795372,0.956714403904,0.862005682676,1.06112123108
2020-09-18,,,683.357389554,456,993,198310.238413,195109,202576,193290,106511,325075,3150469,1832037,5088281,52181762,37794729,70120447,0.957370946556,0.86114261529,1.06479761775
2020-09-19,,,673.008823999,447,983,198983.247237,195557,203558,191345,104620,323747,3112443,1796804,5054635,52373107,37899349,70444194,0.9580317943,0.860312265711,1.067920497
2020-09-20,,,662.817534997,437,972,199646.064772,195994,204529,189481,102799,323097,3075694,1762558,5023318,52562588,38002148,70767291,0.958696826941,0.858984764102,1.07120164096
2020-09-21,,,652.792584711,428,962,200298.857356,196423,205491,187699,100902,322867,3040216,1729180,4995076,52750287,38103050,71090158,0.959365920985,0.857593483606,1.0729310186
2020-09-22,,,642.942868195,418,952,200941.800224,196842,206441,185999,99190,322292,3006002,1696758,4969307,52936286,38202240,71412450,0.9600389495,0.855680199692,1.0750493861
2020-09-23,,,633.276734994,410,943,201575.076959,197252,207383,184380,97342,321853,2973046,1665084,4946171,53120666,38299582,71734303,0.960715782044,0.853513538798,1.07752489819
2020-09-24,,,623.796283167,401,933,202198.873243,197654,208316,182843,95470,322010,2941341,1634205,4925973,53303509,38395052,72056313,0.961396284539,0.852014324943,1.08050265863
2020-09-25,,,614.504240243,393,926,202813.377483,198047,209240,181386,93724,322328,2910880,1604030,4908669,53484895,38488776,72378641,0.962080319031,0.85069032778,1.08386249684
2020-09-26,,,605.40377081,385,917,203418.781254,198433,210157,180011,92052,322450,2881659,1574683,4893627,53664906,38580828,72701091,0.962767743398,0.848989636448,1.0872197104
2020-09-27,,,596.498147088,377,908,204015.279401,198811,211064,178718,90314,322330,2853674,1545944,4880354,53843624,38671142,73023421,0.963458411096,0.847227141696,1.09057348803
2020-09-28,,,587.790169213,369,898,204603.06957,199180,211962,177506,88806,322914,2826923,1517937,4868705,54021130,38759948,73346335,0.964152170935,0.845417507947,1.09399941519
2020-09-29,,,579.281517975,361,889,205182.351088,199542,212850,176377,87470,323690,2801402,1490784,4859569,54197507,38847418,73670025,0.964848866854,0.843615393843,1.09641368305
2020-09-30,,,570.973364971,354,882,205753.324453,199897,213731,175329,86019,324759,2777110,1464268,4853928,54372836,38933437,73994784,0.965548337655,0.84182069142,1.09881848942
2020-10-01,,,562.866820655,347,874,206316.191274,200245,214604,174365,84485,326429,2754047,1438255,4852206,54547201,39017922,74321213,0.966257629656,0.840033292966,1.10162933209
2020-10-02,,,554.962973409,340,866,206871.154247,200585,215469,173484,83057,328524,2732214,1412872,4853914,54720685,39100979,74649737,0.966972617013,0.838321589163,1.10594530032
2020-10-03,,,547.262870898,333,858,207418.417118,200918,216326,172687,81682,331230,2711611,1388041,4860025,54893372,39182661,74980967,0.967690681221,0.836544477031,1.11026901648
2020-10-04,,,539.767194475,326,851,207958.184312,201245,217175,171975,80391,333691,2692241,1363812,4869917,55065347,39263052,75314658,0.968415449987,0.834774364315,1.11335575742
2020-10-05,,,532.476321306,319,843,208490.660634,201565,218018,171348,79077,336868,2674108,1340090,4883634,55236695,39342129,75651526,0.969148400273,0.8330111456,1.11662309025
2020-10-06,,,525.390465808,313,837,209016.0511,201879,218854,170807,77735,339549,2657216,1316921,4900264,55407502,39419864,75991075,0.96988493019,0.831254716289,1.11987853529
2020-10-07,,,518.509769727,307,830,209534.560869,202187,219683,170354,76451,342400,2641571,1294183,4920345,55577856,39496315,76333475,0.970622862055,0.829578568467,1.12312082403
2020-10-08,,,511.834324835,301,823,210046.395194,202488,220505,169989,75260,345763,2627180,1272102,4944240,55747845,39571575,76679238,0.971362615507,0.827875198266,1.12634862019
2020-10-09,,,505.364007148,295,817,210551.759201,202783,221321,169713,74219,349838,2614051,1250852,4972074,55917558,39645794,77029076,0.972111079679,0.826124319804,1.13086797378
2020-10-10,,,499.098475494,289,813,211050.857677,203073,222133,169528,73089,353653,2602193,1230218,5003413,56087086,39718883,77382729,0.97286920802,0.825277542632,1.13427541569
2020-10-11,,,493.037209171,283,809,211543.894886,203357,222941,169435,72063,357790,2591616,1210229,5038766,56256521,39790946,77740519,0.973630978216,0.823927652034,1.13758157303
2020-10-12,,,487.179544954,278,804,212031.074431,203636,223744,169435,71074,362304,2582333,1190990,5078744,56425956,39862020,78102823,0.97439410352,0.823647289141,1.14141567132
2020-10-13,,,481.524813166,273,800,212512.599244,203909,224542,169530,70078,368024,2574357,1172262,5123865,56595486,39932098,78470847,0.975161210741,0.823352383213,1.14428154937
2020-10-14,,,476.072430413,268,794,212988.671674,204178,225335,169722,69089,373941,2567702,1153880,5174132,56765208,40001187,78844788,0.975934357086,0.823060273136,1.14710804935
2020-10-15,,,470.821754439,263,790,213459.493429,204441,226124,170012,68066,380308,2562385,1135926,5229695,56935220,40069253,79225096,0.976729366181,0.822764175193,1.14989248633
2020-10-16,,,465.772099108,258,786,213925.265528,204700,226908,170402,67096,386417,2558422,1118536,5289700,57105622,40136349,79611513,0.977529813628,0.821436036745,1.15257455544
2020-10-17,,,460.922770759,253,782,214386.188299,204954,227689,170895,66140,393650,2555833,1101617,5354839,57276517,40202489,80005163,0.978329912289,0.820477427736,1.15588521188
2020-10-18,,,456.273118605,249,780,214842.461417,205203,228467,171492,65201,400978,2554637,1085134,5424602,57448009,40267690,80406141,0.979129529298,0.819669377543,1.15967550217
2020-10-19,,,451.822684868,244,779,215294.284102,205448,229244,172195,64341,408210,2554858,1069082,5499126,57620204,40332031,80814351,0.979931643956,0.819599489217,1.16342145824
2020-10-20,,,447.571069348,240,777,215741.855172,205689,230020,173008,63546,415200,2556518,1053549,5577458,57793212,40395577,81229551,0.980738477339,0.819533089245,1.1663906048
2020-10-21,,,443.51793258,236,776,216185.373104,205926,230794,173933,62658,422613,2559644,1038471,5660518,57967145,40458235,81652164,0.981548216239,0.819459346278,1.16923254524
2020-10-22,,,439.663009552,231,776,216625.036114,206158,231568,174973,61874,430200,2564263,1023893,5748309,58142118,40520109,82082364,0.982373690144,0.818881699333,1.17254458295
2020-10-23,,,436.006141586,227,776,217061.042255,206386,232342,176129,61078,439190,2570403,1009711,5841730,58318247,40581187,82521554,0.983199512112,0.818148649944,1.17672652877
2020-10-24,,,432.547548104,223,776,217493.589803,206610,233116,177406,60289,448328,2578096,995778,5940216,58495653,40641476,82969882,0.984023713551,0.818142697105,1.17882617927
2020-10-25,,,429.287563416,219,776,217922.877367,206830,233890,178807,59551,458151,2587374,982239,6044720,58674460,40701027,83428033,0.984846330409,0.817077224414,1.18204554921
2020-10-26,,,426.226647356,215,777,218349.104014,207046,234664,180334,58811,468198,2598274,968987,6155134,58854794,40759838,83896231,0.985668275505,0.817165905162,1.18534480536
2020-10-27,,,423.365401324,211,778,218772.469415,207258,235440,181992,58115,478003,2610831,956029,6270842,59036786,40817953,84374234,0.986484966706,0.816701422112,1.18863874431
2020-10-28,,,420.704603593,207,782,219193.174019,207466,236220,183784,57468,489521,2625084,943420,6392345,59220570,40875421,84863755,0.987298260062,0.816376743084,1.19196285858
2020-10-29,,,418.245249493,204,785,219611.419269,207672,237002,185713,56865,501402,2641076,931198,6519805,59406283,40932286,85365157,0.988110918515,0.816024149162,1.19541176144
2020-10-30,,,415.988538902,201,788,220027.407807,207873,237787,187784,56223,513308,2658848,919357,6652799,59594067,40988509,85878465,0.988923066121,0.815566251998,1.19883037081
2020-10-31,,,413.935864365,198,794,220441.343672,208072,238578,190001,55560,526419,2678447,907823,6792792,59784068,41044069,86404884,0.989728335394,0.814582973232,1.20221608191
2020-11-01,,,412.088808797,194,799,220853.432481,208268,239374,192368,54943,540928,2699920,896629,6940073,59976436,41099012,86945812,0.990527665031,0.813909386618,1.20556612426
