date,actual_deaths,total_deaths,predicted_deaths_mean,predicted_deaths_lower,predicted_deaths_upper,predicted_total_deaths_mean,predicted_total_deaths_lower,predicted_total_deaths_upper,predicted_new_infected_mean,predicted_new_infected_lower,predicted_new_infected_upper,predicted_current_infected_mean,predicted_current_infected_lower,predicted_current_infected_upper,predicted_total_infected_mean,predicted_total_infected_lower,predicted_total_infected_upper,r_values_mean,r_values_lower,r_values_upper
2020-02-05,0,0,,,,,,,125,65,178,125,65,178,125,65,178,2.26392703637,2.1,2.4
2020-02-06,0,0,,,,,,,125,65,178,250,130,356,250,130,356,2.26391773566,2.09999090676,2.39999969793
2020-02-07,0,0,,,,,,,125,65,178,375,194,534,375,195,534,2.26391458589,2.09998790907,2.39999951761
2020-02-08,0,0,,,,,,,125,65,178,501,260,712,500,260,712,2.26391035674,2.09998392263,2.39999928097
2020-02-09,0,0,,,,,,,287,163,404,788,438,1103,787,423,1116,2.26390467328,2.09997862115,2.39999890405
2020-02-10,0,0,,,,,,,287,163,404,1076,607,1503,1074,586,1520,2.2638970283,2.0999715706,2.39999832896
2020-02-11,0,0,,,,,,,287,163,404,1363,774,1904,1361,749,1924,2.26388673479,2.09996219363,2.3999974355
2020-02-12,0,0,,,,,,,287,163,404,1651,939,2306,1648,912,2328,2.2638728611,2.09994972224,2.39999611018
2020-02-13,0,0,,,,,,,466,280,650,2116,1239,2936,2114,1192,2978,2.26385414214,2.0999331348,2.3999941679
2020-02-14,0,0,,,,,,,673,411,936,2789,1655,3866,2787,1603,3914,2.26379898754,2.09987999055,2.39996708586
2020-02-15,0,0,,,,,,,1213,751,1628,4002,2461,5455,4000,2354,5542,2.26376106234,2.09984671098,2.39995973912
2020-02-16,0,0,,,,,,,2407,1475,3095,6409,4064,8488,6407,3829,8637,2.2637025887,2.09979426972,2.39994306242
2020-02-17,0,0,,,,,,,3893,2534,4925,10302,6733,13327,10300,6363,13562,2.26362769497,2.09972904175,2.39992324786
2020-02-18,0,0,,,,,,,4308,2850,5464,14610,9625,18765,14608,9213,19026,2.26352946025,2.09964504313,2.39989788227
2020-02-19,0,0,,,,,,,5066,3412,6411,19676,13101,25134,19674,12625,25437,2.2633987645,2.09953541502,2.39986379445
2020-02-20,0,0,,,,,,,5204,3519,6602,24755,16567,31549,24878,16144,32039,2.26322239137,2.09939036288,2.39981571717
2020-02-21,0,0,,,,,,,5733,3936,7262,30364,20462,38613,30611,20080,39301,2.26298273238,2.0991972192,2.39974649699
2020-02-22,0,0,,,,,,,6817,4756,8643,37056,25199,47040,37428,24836,47944,2.2626596849,2.0989435284,2.39964908231
2020-02-23,0,0,,,,,,,8160,5776,10328,45091,31006,57116,45588,30612,58272,2.26222423436,2.09861002239,2.39950965772
2020-02-24,0,0,,,,,,,10367,7310,13206,55170,38233,69860,55955,37922,71478,2.26163476357,2.09817031437,2.39931627423
2020-02-25,0,0,,,,,,,16246,10908,20660,71128,49156,90002,72201,48830,92138,2.26083397167,2.09758932385,2.39903574842
2020-02-26,0,0,,,,,,,19637,13412,25012,90478,62450,114573,91838,62242,117150,2.25974282233,2.09682029486,2.39861471941
2020-02-27,0,0,,,,,,,21416,14518,27472,111607,76819,141627,113254,76760,144622,2.25825413368,2.09574430766,2.39801758717
2020-02-28,0,0,,,,,,,26050,17473,33759,137191,94010,174728,139304,94233,178381,2.25622024515,2.09422329467,2.39714762622
2020-02-29,1,1,,,,,,,31853,20816,41934,168372,114423,215683,171157,115049,220315,2.25343717103,2.09214757128,2.39587199397
2020-03-01,0,1,,,,,,,41369,26495,55088,208527,140229,269031,212526,141544,275403,2.24962445021,2.0896038427,2.39399695216
2020-03-02,5,6,,,,,,,51465,32591,69103,257586,171452,334901,263991,174135,344506,2.24439862075,2.08595155512,2.39123502273
2020-03-03,1,7,,,,,,,63874,40244,86281,317566,209251,416118,327865,214379,430787,2.23723956808,2.08126327855,2.38716323434
2020-03-04,4,11,,,,,,,78386,48763,106931,391644,255261,517414,406251,263142,537718,2.22744853645,2.07428250982,2.38116192562
2020-03-05,1,12,,,,,,,98056,60486,134537,484634,312432,645345,504307,323628,672255,2.21410076272,2.06585270083,2.37237747897
2020-03-06,2,14,,,,,,,120186,73315,165820,599616,382338,804356,624493,396943,838075,2.19600086254,2.05216304418,2.35963486752
2020-03-07,3,17,,,,,,,145237,88837,201223,739119,467323,998149,769730,485780,1039298,2.17165732048,2.03134551501,2.34171909189
2020-03-08,4,21,,,,,,,172662,107002,238116,904965,569555,1227521,942392,592782,1277414,2.13930633095,2.00222817103,2.31482016254
2020-03-09,1,22,,,,,,,201733,128157,274012,1098537,691801,1491225,1144125,720939,1551426,2.09703008448,1.94486619365,2.27791187505
2020-03-10,6,28,,,,,,,231395,153448,310292,1319566,837676,1788440,1375520,874387,1861718,2.04301966377,1.86971789972,2.24654790982
2020-03-11,5,33,,,,,,,257889,176311,343388,1561209,1003031,2111128,1633409,1050698,2205106,1.97600251193,1.78405711196,2.2099361385
2020-03-12,10,43,,,,,,,279604,193619,372409,1821176,1183099,2458540,1913013,1244317,2577515,1.89576647018,1.68968442085,2.15489910395
2020-03-13,8,51,,,,,,,296334,206355,392315,2096094,1374826,2823352,2209347,1450672,2969830,1.80359217119,1.57092553242,2.10289897225
2020-03-14,7,58,,,,,,,307842,214404,403705,2377886,1571694,3193229,2517189,1665076,3373535,1.70235744303,1.45272112101,2.04461822811
2020-03-15,12,70,,,,,,,315472,220712,413555,2661505,1771677,3564698,2832661,1885788,3787090,1.59619989221,1.32867127856,1.97749896696
2020-03-16,27,97,,,,,,,319673,226641,423438,2939809,1972078,3932856,3152334,2112429,4210528,1.48984918859,1.21847555867,1.89169700542
2020-03-17,35,132,,,,,,,321349,230927,427808,3209693,2170829,4291374,3473683,2343356,4638336,1.38787771318,1.12419906959,1.78457991563
2020-03-18,59,191,,,,,,,321368,234293,428058,3467188,2365516,4632905,3795051,2577649,5066394,1.29408722133,1.05196284936,1.66636014108
2020-03-19,73,264,,,,,,,320255,237279,425440,3709057,2554918,4951014,4115306,2814928,5491834,1.21113349614,0.999613119086,1.54431703601
2020-03-20,99,363,,,,,,,318483,239507,422610,3929484,2735103,5238524,4433789,3054435,5914444,1.14039542354,0.963298948164,1.4309088205
2020-03-21,99,462,,,,,,,316166,241043,419430,4125464,2904220,5491502,4749955,3295478,6333874,1.08205364756,0.937536789493,1.33199424654
2020-03-22,110,572,,,,,,,313407,241677,414973,4293634,3058581,5704594,5063362,3537155,6748847,1.03533043172,0.919014423764,1.2480519936
2020-03-23,189,761,,,,,,,310345,242010,409337,4431316,3195223,5875126,5373707,3779165,7158184,0.998824073188,0.897091369853,1.16992197753
2020-03-24,239,1000,,,,,,,307027,241893,401412,4536610,3310609,6001666,5680734,4021058,7559596,0.970852137039,0.878995347352,1.10361779447
2020-03-25,324,1324,,,,,,,303492,240822,393696,4608706,3399611,6084014,5984226,4261880,7953292,0.949727102261,0.866729390504,1.05664605694
2020-03-26,408,1732,,,,,,,299738,238866,386980,4650555,3463629,6126616,6283964,4500746,8340272,0.933929033656,0.85849755902,1.01926418837
2020-03-27,518,2250,,,,,,,295749,234610,379552,4666700,3505262,6132845,6579713,4735356,8719824,0.922182847438,0.853140226804,0.99208550898
2020-03-28,633,2883,,,,,,,291534,230410,371999,4661900,3529222,6111696,6871247,4965766,9091823,0.913469427461,0.849232651881,0.976692394935
2020-03-29,586,3469,,,,,,,287128,226221,364967,4641186,3540190,6072200,7158375,5191987,9456790,0.907000888257,0.845696819978,0.964989443631
2020-03-30,692,4161,,,,,,,282485,221973,357544,4608199,3540051,6015791,7440860,5413960,9814334,0.902181856742,0.843308522073,0.958188868585
2020-03-31,1085,5246,,,,,,,277652,217321,349816,4566178,3528917,5942241,7718512,5631281,10164150,0.898569380999,0.841938304933,0.952278415355
2020-04-01,1172,6418,,,,,,,272646,213004,342301,4517475,3509055,5857291,7991158,5844285,10506451,0.895837342349,0.840900568857,0.9489974086
2020-04-02,1503,7921,,,,,,,267492,208435,335338,4463599,3481404,5765432,8258650,6052720,10841789,0.893747286219,0.83971267555,0.946838571383
2020-04-03,1392,9313,,,,,,,262216,203871,328990,4405560,3446377,5669931,8520866,6256591,11170779,0.892125610879,0.838670970759,0.945016744813
2020-04-04,1523,10836,,,,,,,256843,199492,322022,4343921,3405018,5570405,8777709,6456083,11492801,0.890846246114,0.838041924435,0.943465978073
2020-04-05,1590,12426,,,,,,,251404,195247,315525,4279158,3358256,5467678,9029113,6651330,11808326,0.889817748942,0.837320464972,0.942089224023
2020-04-06,1770,14196,,,,,,,245932,190797,308883,4211684,3306760,5362881,9275045,6842127,12117209,0.888973808937,0.836549283103,0.941134170963
2020-04-07,2571,16767,,,,,,,240460,186419,302144,4141799,3250825,5256904,9515505,7028546,12419353,0.888266318368,0.835980168526,0.940267509823
2020-04-08,2146,18913,,,,,,,235017,181878,295516,4069789,3190609,5151958,9750522,7210424,12714869,0.88766034011,0.835417475908,0.939560644745
2020-04-09,2228,21141,,,,,,,229630,177513,289016,3995927,3127151,5048004,9980152,7387937,13003885,0.887130464984,0.834993141426,0.939068829965
2020-04-10,2218,23359,,,,,,,224322,173218,282723,3920511,3061339,4944321,10204474,7561155,13286608,0.886658179487,0.834575263134,0.938605977619
2020-04-11,2119,25478,,,,,,,219108,169020,276523,3843870,2995609,4841696,10423582,7730175,13563131,0.886226871192,0.834191196656,0.938206783668
2020-04-12,1816,27294,,,,,,,214002,165084,270366,3766339,2930186,4740319,10637584,7895259,13833497,0.885831263581,0.833844160845,0.937814016928
2020-04-13,1946,29240,,,,,,,209012,161048,264375,3688223,2864962,4639876,10846596,8056307,14097872,0.885462688084,0.833511670717,0.937482253892
2020-04-14,2455,31695,,,,,,,204143,156931,258616,3609881,2799903,4541018,11050739,8213238,14356488,0.885116465223,0.833207112038,0.937139734491
2020-04-15,2609,34304,,,,,,,199396,153111,252998,3531625,2735704,4444213,11250135,8366349,14609486,0.884794364742,0.832883012227,0.936818070531
2020-04-16,2176,36480,,,,,,,194771,149273,247757,3453750,2672007,4349649,11444906,8515622,14857243,0.884487957391,0.832518638769,0.936501757245
2020-04-17,2093,38573,,,,,,,190267,145555,242632,3376525,2609171,4256918,11635173,8661177,15099875,0.8841979546,0.832237860442,0.936161491563
2020-04-18,1960,40533,,,,,,,185882,141985,237797,3300190,2547331,4165696,11821055,8803162,15337672,0.883921755056,0.832008272569,0.935827675931
2020-04-19,1931,42464,,,,,,,181611,138357,232752,3224959,2486238,4076426,12002666,8941519,15570424,0.883660947004,0.831777743477,0.93555825664
2020-04-20,2186,44650,,,,,,,177453,134813,228066,3151007,2425819,3988993,12180119,9076332,15798490,0.883414731161,0.831546413679,0.93525281045
2020-04-21,2548,47198,,,,,,,173403,131574,223534,3078478,2366592,3903697,12353522,9207906,16022024,0.883183531334,0.831381714524,0.935030064016
2020-04-22,2434,49632,,,,,,,169458,128176,218995,3007477,2308314,3820647,12522980,9336082,16241019,0.882969426128,0.831218178791,0.934716055386
2020-04-23,2466,52098,,,,,,,165618,124794,214833,2938077,2251197,3740093,12688598,9460876,16455852,0.882775705648,0.831002177922,0.934403955439
2020-04-24,2154,54252,,,,,,,161878,121574,210638,2870325,2195210,3661850,12850476,9582450,16666490,0.882606832624,0.830845479987,0.934282080815
2020-04-25,1698,55950,,,,,,,158239,118411,206659,2804242,2140354,3585913,13008715,9700861,16873149,0.882468912876,0.830703666856,0.934051357076
2020-04-26,1329,57279,,,,,,,154698,115208,202686,2739832,2086494,3512190,13163413,9816069,17075835,0.882370622781,0.830584181907,0.933905005469
2020-04-27,1466,58745,,,,,,,151254,112128,198903,2677083,2033498,3440823,13314667,9928197,17274738,0.882323283241,0.830496462758,0.933644727124
2020-04-28,2241,60986,,,,,,,147905,109142,195247,2615976,1981554,3371773,13462572,10037339,17469985,0.88234238826,0.830426188866,0.933507459381
2020-04-29,2521,63507,,,,,,,144653,106201,191666,2556485,1930793,3304888,13607225,10143540,17661651,0.882448634151,0.830333555601,0.933421194135
2020-04-30,2322,65829,,,,,,,141496,103458,188340,2498585,1881110,3240277,13748721,10246998,17849991,0.88266941512,0.830384381031,0.93334525719
2020-05-01,1891,67720,,,,,,,138437,100797,185111,2442251,1832607,3177657,13887158,10347795,18035102,0.883040692763,0.830412048685,0.933329661655
2020-05-02,1692,69412,,,,,,,135476,98083,181925,2387459,1785113,3116959,14022634,10445878,18217027,0.883609002024,0.830404629487,0.933350979421
2020-05-03,1120,70532,,,,,,,132613,95430,178937,2334190,1738536,3058095,14155247,10541308,18395964,0.884433407041,0.830450517677,0.933445618703
2020-05-04,1333,71865,,,,,,,129855,92911,175964,2282435,1693065,3001296,14285102,10634219,18571928,0.885586883367,0.83061277693,0.933986340915
2020-05-05,2318,74183,,,,,,,127204,90500,173118,2232186,1648729,2946333,14412306,10724719,18745046,0.887156229919,0.83099087511,0.93521813213
2020-05-06,2364,76547,,,,,,,124665,88160,170427,2183449,1605294,2893208,14536971,10812879,18915473,0.889239232055,0.831287195545,0.939853226146
2020-05-07,1934,78481,,,,,,,122244,85905,167812,2136235,1563005,2842005,14659215,10898784,19083285,0.891937696801,0.83171043845,0.952951268484
2020-05-08,1747,80228,,,,,,,119948,83737,165403,2090565,1521935,2792554,14779163,10982521,19248688,0.895345781802,0.831864915162,0.969561442644
2020-05-09,1488,81716,,,,,,,117786,81706,163079,2046473,1482056,2744975,14896949,11064227,19411767,0.899535403302,0.832143880647,0.990198640055
2020-05-10,893,82609,,,,,,,115770,79892,160839,2004004,1443528,2699140,15012719,11144119,19572606,0.904544133757,0.832485401248,1.01639954295
2020-05-11,1014,83623,,,,,,,113911,78209,158890,1963217,1406523,2655335,15126630,11222328,19731496,0.91037319382,0.83287029843,1.04947334282
2020-05-12,1627,85250,,,,,,,112223,76662,157035,1924186,1371054,2613462,15238853,11298990,19888531,0.916999625636,0.833696603048,1.07962099612
2020-05-13,1764,87014,,,,,,,110720,75234,155399,1887001,1337147,2573613,15349573,11374224,20043930,0.92439712555,0.834357147571,1.10795399773
2020-05-14,1783,88797,,,,,,,109418,74055,154031,1851767,1305006,2535979,15458991,11448279,20197961,0.932552460796,0.835815712133,1.1342628226
2020-05-15,1681,90478,,,,,,,108333,72985,152798,1818603,1274541,2500438,15567324,11521264,20350759,0.941468332754,0.837655918357,1.15531979419
2020-05-16,1216,91694,,,,,,,107479,72222,152055,1787645,1245975,2467377,15674803,11593486,20502814,0.951155764358,0.83999452898,1.17203646121
2020-05-17,758,92452,,,,,,,106870,71481,151520,1759040,1219381,2436962,15781673,11664967,20654334,0.961624948876,0.843426681373,1.18421079422
2020-05-18,1172,93624,,,,,,,106520,70920,151365,1732947,1194887,2409374,15888193,11735887,20805699,0.972876022364,0.848268378091,1.19651108448
2020-05-19,1552,95176,,,,,,,106442,70634,151570,1709533,1172631,2384961,15994635,11806521,20957269,0.984881772252,0.855056473923,1.22762164461
2020-05-20,1526,96702,,,,,,,106646,70535,152109,1688975,1152693,2363923,16101281,11877056,21109378,0.997559455171,0.863645072122,1.23734163582
2020-05-21,1217,97919,,,,,,,107143,70681,152927,1671453,1135247,2346384,16208424,11947737,21262305,1.01074637237,0.874883217739,1.252421362
2020-05-22,1244,99163,,,,,,,107943,71063,154052,1657152,1120448,2332584,16316367,12018800,21416357,1.0242032442,0.875704453566,1.2571576878
2020-05-23,1109,100272,,,,,,,109055,71852,155459,1646259,1108607,2322599,16425422,12090652,21571816,1.03765591157,0.87580568162,1.26694768041
2020-05-24,622,100894,,,,,,,110490,72746,157239,1638963,1099695,2316721,16535912,12163398,21729055,1.05085885198,0.87602828269,1.27346831561
2020-05-25,548,101442,,,,,,,112257,73913,159270,1635450,1093766,2315110,16648169,12237311,21888325,1.06364718689,0.876638310339,1.28382291226
2020-05-26,662,102104,,,,,,,114375,75398,161858,1635914,1091003,2318036,16762544,12312709,22050183,1.07595126232,0.878261109183,1.29735666324
2020-05-27,1518,103622,,,,,,,116854,77316,164751,1640545,1091705,2325718,16879398,12390025,22214934,1.08777329127,0.879153455237,1.30615279101
2020-05-28,1178,104800,,,,,,,119702,79481,168394,1649527,1096001,2338677,16999100,12469506,22383328,1.09914528228,0.881528779444,1.31192659175
2020-05-29,1160,105960,,,,,,,122931,81847,172475,1663040,1103845,2357079,17122031,12551353,22555803,1.11010027802,0.883459644057,1.31595741537
2020-05-30,963,106923,,,,,,,126559,84705,176624,1681266,1115609,2380869,17248590,12636058,22732427,1.12069034075,0.886272361412,1.31815454198
2020-05-31,581,107504,,,,,,,130603,87901,181593,1704390,1131323,2410369,17379193,12723959,22914020,1.13095070642,0.890829088687,1.33147356735
2020-06-01,776,108280,,,,,,,135084,91505,187333,1732604,1151380,2446131,17514277,12815464,23101353,1.14091303867,0.897692057681,1.3405346584
2020-06-02,1068,109348,,,,,,,140021,95221,193325,1766105,1175715,2488041,17654298,12910685,23294678,1.15054685396,0.906806512828,1.34690089228
2020-06-03,1007,110355,,,,,,,145433,99327,200044,1805096,1204437,2536453,17799731,13010012,23494722,1.15977267834,0.920126906955,1.35180171024
2020-06-04,1023,111378,,,,,,,151343,103898,207558,1849793,1237823,2591815,17951074,13113910,23702280,1.1684506575,0.929923912461,1.35467987633
2020-06-05,914,112292,,,,,,,157769,108913,215532,1900418,1276075,2654324,18108843,13222823,23917812,1.17645500549,0.936433980504,1.35517251372
2020-06-06,659,112951,,,,,,,164729,114289,224472,1957205,1319320,2724652,18273572,13337112,24142284,1.18369198067,0.941266973891,1.35468341197
2020-06-07,438,113389,,,,,,,172245,119930,234254,2020394,1367407,2803348,18445817,13457042,24376538,1.19007512466,0.949496774811,1.35396790843
2020-06-08,519,113908,,,,,,,180330,125978,244353,2090234,1420640,2890358,18626147,13583020,24620891,1.1955746877,0.958663159436,1.35411458197
2020-06-09,950,114858,,,,,,,188998,132617,255658,2166975,1479338,2986647,18815145,13715637,24876549,1.20014679682,0.97036568325,1.35370335318
2020-06-10,901,115759,,,,,,,198251,139677,267338,2250852,1543612,3092049,19013396,13855314,25143887,1.20379005619,0.986346550341,1.35394465755
2020-06-11,871,116630,,,,,,,208091,147385,279845,2342089,1613679,3207116,19221487,14002699,25423732,1.20651717694,1.00957848204,1.35425894176
2020-06-12,828,117458,,,,,,,218505,155496,293274,2440892,1689685,3331984,19439992,14158195,25717006,1.20832946451,1.03665211632,1.35506337248
2020-06-13,759,118217,,,,,,,229472,163842,307362,2547432,1771676,3466865,19669464,14322037,26024368,1.20924542556,1.05748925582,1.35592343379
2020-06-14,308,118525,,,,,,,240959,172461,321986,2661833,1859423,3612228,19910423,14494498,26346354,1.2092374009,1.05504910184,1.35546236376
2020-06-15,394,118919,,,,,,,252917,181924,336237,2784147,1953423,3766914,20163340,14676422,26682591,1.20832030227,1.04898072671,1.35651208333
2020-06-16,838,119757,,,,,,,265280,191853,351329,2914343,2053741,3930970,20428620,14868275,27033920,1.20647194082,1.03908443718,1.35617034084
2020-06-17,744,120501,,,,,,,277967,201769,366826,3052290,2160277,4104573,20706587,15070044,27400746,1.20369389662,1.02676635546,1.35740479439
2020-06-18,718,121219,,,,,,,290883,212043,382325,3197739,2272989,4286942,20997470,15282087,27783071,1.19999138413,1.01316199529,1.35816762047
2020-06-19,670,121889,,,,,,,303915,222267,397459,3350311,2391346,4476883,21301385,15504354,28180530,1.1953531648,1.00667231169,1.35819926406
2020-06-20,604,122493,,,,,,,316940,232532,412855,3509483,2514972,4674220,21618325,15736886,28593385,1.18979434827,0.993598700351,1.35783361134
2020-06-21,285,122778,,,,,,,329825,243859,428370,3674578,2644530,4878122,21948150,15980745,29021755,1.18332204039,0.989019091781,1.35734475986
2020-06-22,389,123167,,,,,,,342434,254733,442938,3844768,2779311,5086748,22290584,16235478,29464693,1.17603298878,0.983591768921,1.35695455743
2020-06-23,847,124014,,,,,,,354637,265453,457022,4019074,2918760,5299338,22645221,16500931,29921715,1.16804656678,0.975176982822,1.35555024692
2020-06-24,759,124773,,,,,,,366312,276545,469645,4196388,3062675,5513256,23011533,16777476,30391360,1.1595019368,0.970440128567,1.35413241755
2020-06-25,551,125324,,,,,,,377354,286930,482163,4375491,3209947,5728060,23388887,17064406,30873523,1.15054542163,0.963850141335,1.35304587466
2020-06-26,617,125941,,,,,,,387677,295417,494782,4555077,3358021,5943009,23776564,17359823,31368305,1.14129141637,0.957362364712,1.35196084795
2020-06-27,504,126445,,,,,,,397215,303837,505101,4733787,3506391,6154874,24173779,17663660,31873406,1.13186521092,0.946962260435,1.35162385931
2020-06-28,273,126718,,,,,,,405922,311714,514820,4910237,3654313,6362388,24579701,17975374,32388226,1.12236429658,0.941721145306,1.35024794508
2020-06-29,377,127095,,,,,,,413774,318246,523165,5083051,3800149,6563663,24993475,18293620,32911391,1.11287741322,0.93680074435,1.34680072394
2020-06-30,625,127720,,,,,,,420762,324555,531282,5250896,3942819,6758805,25414237,18618175,33442673,1.10346675868,0.932333131703,1.34439889405
2020-07-01,694,128414,,,,,,,426893,330492,537470,5412509,4081503,6945049,25841130,18948667,33980143,1.09415275788,0.928748037015,1.3420134786
2020-07-02,727,129141,,,,,,,432187,335959,544031,5566729,4215748,7122349,26273317,19284626,34524174,1.08493660771,0.926061343909,1.33440384914
2020-07-03,660,129801,,,,,,,436673,340576,548422,5712518,4344298,7288499,26709990,19625202,35072596,1.07579650754,0.924901581147,1.32464620284
2020-07-04,265,130066,,,,,,,440383,343928,551438,5848987,4465954,7442501,27150373,19969130,35624034,1.06673033341,0.918233116887,1.31557721884
2020-07-05,288,130354,,,,,,,443357,347398,554707,5975404,4580766,7584341,27593730,20316528,36178741,1.05776457609,0.913994725451,1.30978381221
2020-07-06,355,130709,,,,,,,445635,349263,557674,6091214,4686120,7713647,28039365,20665791,36736415,1.04895832426,0.909050524907,1.30147280666
2020-07-07,1222,131931,,,,,,,447259,350302,559687,6196039,4781626,7830385,28486624,21016093,37296102,1.04038966068,0.907846215083,1.29018660577
2020-07-08,863,132794,,,,,,,448274,351541,560368,6289676,4867641,7933723,28934898,21367634,37856470,1.03214229868,0.906381249073,1.28059332685
2020-07-09,1003,133797,,,,,,,448719,352429,560197,6372083,4943491,8024247,29383617,21720063,38416667,1.02429041757,0.903207900125,1.27275246942
2020-07-10,824,134621,,,,,,,448636,352568,560814,6443366,5009127,8102886,29832253,22072631,38977481,1.01689085349,0.901334975789,1.26289960397
2020-07-11,690,135311,,,,,,,448062,352615,560517,6503751,5066310,8168626,30280315,22425246,39537998,1.00998638648,0.900631202205,1.25317251631
2020-07-12,459,135770,,,,,,,447031,351587,560779,6553568,5114029,8224319,30727346,22776833,40098777,1.00360496654,0.897933411493,1.24026855876
2020-07-13,367,136137,,,,,,,445578,350375,560096,6593223,5152648,8269605,31172924,23127208,40658873,0.997755637966,0.896481458313,1.22478729545
2020-07-14,926,137063,,,,,,,443733,348652,558019,6623182,5183013,8304473,31616657,23475860,41216892,0.992426474062,0.895549051683,1.20713879623
2020-07-15,968,138031,,,,,,,441527,346690,555719,6643947,5205102,8328930,32058184,23822550,41772611,0.987589331874,0.893091614907,1.19165637455
2020-07-16,943,138974,,,,,,,438991,344156,553466,6656045,5218715,8344929,32497175,24166706,42326077,0.983209428445,0.891931399972,1.17910851704
2020-07-17,930,139904,,,,,,,436152,341090,550252,6660011,5223812,8351178,32933327,24507796,42876329,0.979253240282,0.890767781635,1.16388288854
2020-07-18,868,140772,,,,,,,433038,337722,547288,6656376,5220924,8350091,33366365,24845518,43423617,0.97569074872,0.890352730501,1.14703408654
2020-07-19,447,141219,,,,,,,429675,334137,544479,6645668,5211096,8343180,33796040,25179655,43968096,0.972493533799,0.889950824893,1.13305384199
2020-07-20,514,141733,,,,,,,426085,330280,541224,6628395,5193932,8329745,34222125,25509935,44509320,0.969632490726,0.887806862327,1.1123650525
2020-07-21,1107,142840,,,,,,,422290,326359,537457,6605051,5170993,8309559,34644415,25836294,45046777,0.967077145892,0.882958918882,1.0895346925
2020-07-22,1216,144056,,,,,,,418312,322568,533629,6576103,5143224,8283536,35062727,26158862,45580406,0.964796210469,0.879936507548,1.06895699914
2020-07-23,1094,145150,,,,,,,414168,318397,529602,6541998,5110055,8252791,35476895,26477259,46110008,0.962758472449,0.877825668616,1.05390190966
2020-07-24,1132,146282,,,,,,,409878,314361,525525,6503156,5071963,8218113,35886773,26791620,46635533,0.960933713949,0.877291178376,1.04518488966
2020-07-25,899,147181,,,,,,,405457,309979,522233,6459977,5029357,8179534,36292230,27101599,47157766,0.959293708205,0.876756563802,1.04080411773
2020-07-26,472,147653,,,,,,,400922,305414,518191,6412837,4982144,8137199,36693152,27407013,47675957,0.957813232671,0.875291686222,1.03914868929
2020-07-27,1120,148773,,,,,,,396287,300614,514156,6362093,4931151,8090587,37089439,27707627,48190113,0.956470832474,0.87486968796,1.03721333821
2020-07-28,1374,150147,,,,,,,391566,295730,510273,6308081,4876469,8040790,37481005,28003357,48700386,0.955249054454,0.874159458621,1.03302808626
2020-07-29,1432,151579,,,,,,,386772,291212,505852,6251121,4818991,7988638,37867777,28294569,49206238,0.954134043966,0.873701552059,1.02939133606
2020-07-30,1209,152788,,,,,,,381917,286287,501850,6191511,4758558,7934772,38249694,28580856,49708088,0.953114641423,0.873264596327,1.02817840047
2020-07-31,1243,154031,,,,,,,377012,281214,497906,6129531,4695589,7879234,38626706,28862070,50205994,0.952181300883,0.872845276793,1.02637245878
2020-08-01,1115,155146,,,,,,,372065,275899,492847,6065444,4630376,7821845,38998771,29137969,50698841,0.951325180086,0.872441241066,1.02570466842
2020-08-02,403,155549,,,,,,,367088,270911,488343,5999494,4563551,7762913,39365859,29408880,51187184,0.950537617561,0.872050799019,1.0241942245
2020-08-03,530,156079,,,,,,,362087,265999,483926,5931907,4495392,7702369,39727946,29674879,51671110,0.949810015231,0.871672716705,1.02330699615
2020-08-04,1378,157457,,,,,,,357072,260993,479134,5862894,4426089,7640282,40085018,29935872,52150244,0.949133999286,0.871306074866,1.02277332126
2020-08-05,1376,158833,,,,,,,352049,256145,474301,5792653,4355869,7577133,40437067,30192017,52624545,0.948501689276,0.870950171708,1.02223841791
2020-08-06,1253,160086,,,,,,,347026,251289,469595,5721367,4284587,7513106,40784093,30443306,53094140,0.947905942677,0.870604456026,1.02170199922
2020-08-07,1242,161328,,,,,,,342007,246364,464773,5649206,4212553,7448267,41126100,30689670,53558913,0.947340508172,0.870268481212,1.02132747096
2020-08-08,1077,162405,,,,,,,337001,241418,459947,5576329,4139610,7382684,41463101,30931088,54018860,0.946800076425,0.869941873674,1.02065819863
2020-08-09,511,162916,,,,,,,332012,236447,455634,5502884,4066078,7316079,41795113,31167535,54474494,0.946280248231,0.869624311187,1.02011651718
2020-08-10,527,163443,,,,,,,327044,231495,451432,5429006,3992161,7249317,42122157,31399030,54925926,0.945777449815,0.869315508033,1.01962539375
2020-08-11,1064,164507,,,,,,,322103,226916,446839,5354822,3918466,7181996,42444260,31625946,55372765,0.945288822479,0.869015204799,1.01913222496
2020-08-12,1505,166012,,,,,,,317192,222188,442153,5280447,3844927,7113872,42761452,31848134,55814918,0.944812106465,0.86872316134,1.01863703417
2020-08-13,1070,167082,,,,,,,312315,217581,438050,5205989,3771295,7046060,43073767,32065715,56252968,0.944345531264,0.868431780461,1.01763891503
2020-08-14,1338,168420,,,,,,,307475,212686,433751,5131547,3697695,6977937,43381242,32278401,56686719,0.943887718578,0.868098543317,1.01699665093
2020-08-15,1034,169454,,,,,,,302675,207960,429623,5057210,3624447,6909641,43683917,32486361,57116342,0.943437600133,0.868705648959,1.01636027859
2020-08-16,571,170025,,,,,,,297918,203397,424928,4983063,3551948,6841719,43981835,32689758,57541270,0.942994350116,0.868235521223,1.01571262132
2020-08-17,446,170471,,,,,,,293207,199005,420337,4909182,3480043,6773728,44275042,32888763,57961607,0.942557330808,0.867172158903,1.01495652534
2020-08-18,1325,171796,,,,,,,288543,194651,415587,4835637,3408694,6705420,44563585,33083414,58377194,0.942126049534,0.866934606147,1.01432460001
2020-08-19,1353,173149,,,,,,,283928,190298,410588,4762492,3338000,6636907,44847513,33273712,58787782,0.941700124941,0.86662811947,1.01379003255
2020-08-20,1079,174228,,,,,,,279363,186147,406108,4689807,3268002,6568743,45126876,33459859,59193890,0.941279260822,0.866342473773,1.01325376745
2020-08-21,1105,175333,,,,,,,274851,182093,401942,4617632,3198804,6501125,45401727,33641952,59595832,0.940863225918,0.866113739026,1.01260175486
2020-08-22,982,176315,,,,,,,270391,178131,397683,4546016,3130571,6434068,45672118,33820083,59993515,0.940451838406,0.865891408031,1.01193645967
2020-08-23,450,176765,,,,,,,265986,173816,393199,4475001,3062970,6367357,45938104,33993899,60386714,0.940044954034,0.865675312117,1.01125784838
2020-08-24,442,177207,,,,,,,261895,170190,389012,4404884,2996712,6300773,46199999,34164089,60775726,0.940563627637,0.86846491884,1.01091127349
2020-08-25,1239,178446,,,,,,,257852,166416,384635,4335693,2931630,6234012,46457851,34330505,61160361,0.941089365383,0.870504781215,1.01058762114
2020-08-26,1225,179671,,,,,,,253869,162810,380073,4267459,2867518,6167277,46711720,34493315,61540434,0.941621713054,0.872883853816,1.01070897853
2020-08-27,1111,180782,,,,,,,249959,159240,375770,4200227,2804560,6100915,46961679,34652555,61916204,0.942160623161,0.873704053162,1.01261447361
2020-08-28,971,181753,,,,,,,246147,155567,371859,4134059,2742542,6034741,47207826,34808122,62288063,0.942706038676,0.874630947768,1.0137207551
2020-08-29,958,182711,,,,,,,242458,152405,368665,4069042,2682255,5969670,47450284,34960527,62656728,0.943257890239,0.873938539283,1.01604923608
2020-08-30,310,183021,,,,,,,238871,149184,365401,4005238,2623476,5905467,47689155,35109711,63022129,0.943816073876,0.873070837413,1.01822959047
2020-08-31,573,183594,,,,,,,235371,146010,361647,3942690,2566085,5842200,47924526,35255721,63383776,0.944380447131,0.872519693995,1.02050446829
2020-09-01,1067,184661,,,,,,,231956,143044,358384,3881440,2510120,5780261,48156482,35398765,63742160,0.944950901076,0.872304000423,1.02275868275
2020-09-02,1056,185717,,,,,,,228628,140153,355199,3821525,2455619,5719883,48385110,35538918,64097359,0.945527352283,0.873199306956,1.02437960391
2020-09-03,,,828.888333872,602,1125,186545.888334,186319,186842,225394,137258,351894,3762992,2402578,5661194,48610504,35676176,64449253,0.946109718139,0.872638186545,1.02701565314
2020-09-04,,,817.768682184,590,1115,187363.657016,186909,187957,222254,134590,348809,3705883,2351018,5603892,48832758,35810766,64798062,0.946697914682,0.872214185029,1.02912841144
2020-09-05,,,806.59990013,579,1106,188170.256916,187489,189062,219204,131835,346028,3650236,2300755,5547969,49051962,35942601,65144090,0.947291842893,0.871251709266,1.03138095149
2020-09-06,,,795.399514467,568,1095,188965.656431,188058,190157,216240,129199,342759,3596084,2251820,5493032,49268202,36071800,65486849,0.947891403789,0.870175705573,1.03280238351
2020-09-07,,,784.183759273,557,1085,189749.84019,188615,191241,213360,126511,339843,3543459,2204515,5439657,49481562,36198311,65826692,0.948496503872,0.869392755804,1.03441860537
2020-09-08,,,772.967613004,546,1074,190522.807803,189162,192315,210567,123933,337209,3492131,2158258,5387836,49692129,36322244,66163901,0.949107052637,0.869624300806,1.03640499976
2020-09-09,,,761.767450707,535,1064,191284.575254,189697,193378,207861,121567,334997,3442139,2113410,5338172,49899990,36443811,66498898,0.949722959181,0.869789710099,1.03752854302
2020-09-10,,,750.600510769,525,1053,192035.175764,190223,194430,205240,119227,333202,3393509,2069827,5291268,50105230,36563038,66832100,0.95034412837,0.869336694855,1.04039834332
2020-09-11,,,739.484595283,514,1045,192774.66036,190737,195474,202702,116917,330950,3346253,2027503,5246425,50307932,36679955,67163050,0.950970462026,0.86977953339,1.04435796209
2020-09-12,,,728.437972189,504,1036,193503.098332,191241,196510,200248,114583,328516,3300354,1986521,5203069,50508180,36794538,67491566,0.951601861278,0.869186027876,1.04700917717
2020-09-13,,,717.476984558,493,1026,194220.575316,191735,197535,197876,112328,325919,3255773,1946447,5160311,50706056,36906866,67817485,0.952238226887,0.868128074991,1.04959156168
2020-09-14,,,706.614474361,482,1015,194927.189791,192217,198550,195587,110159,323722,3212489,1907424,5118626,50901643,37017025,68141207,0.95287945858,0.86662560258,1.05198202657
2020-09-15,,,695.863415668,472,1006,195623.053206,192690,199555,193379,108049,321860,3170497,1869464,5078837,51095022,37125074,68463067,0.953525453753,0.864553229922,1.05467307943
2020-09-16,,,685.236789554,462,995,196308.289996,193152,200549,191253,105994,320016,3129794,1832416,5040471,51286275,37231068,68783083,0.954176107084,0.862783028231,1.0570121855
2020-09-17,,,674.747243748,452,984,196983.03724,193605,201532,189208,104088,318428,3090374,1796355,5003698,51475483,37335156,69101511,0.95483131089,0.861544136455,1.05996288529
2020-09-18,,,664.406458021,442,974,197647.443698,194048,202506,187242,102231,316653,3052222,1761333,4968451,51662725,37437387,69418164,0.95549095537,0.861181960855,1.06178216118
2020-09-19,,,654.222414107,433,964,198301.666112,194481,203469,185357,100379,314810,3015324,1727121,4934437,51848082,37537766,69732974,0.956154928493,0.861025121816,1.06413160641
2020-09-20,,,644.203033865,423,953,198945.869146,194905,204421,183552,98601,313501,2979673,1693888,4901897,52031634,37636367,70046475,0.956823115586,0.859940774539,1.06714991247
2020-09-21,,,634.356245833,414,944,199580.225392,195320,205365,181826,96801,313131,2945259,1661490,4872264,52213460,37733168,70359606,0.957495398972,0.857855272774,1.07008754156
2020-09-22,,,624.689861491,406,935,200204.915253,195727,206299,180180,95140,312953,2912079,1630120,4845378,52393640,37828308,70672559,0.95817165783,0.856319620553,1.0733766559
2020-09-23,,,615.211207949,397,926,200820.126461,196124,207224,178613,93495,312767,2880124,1599681,4820944,52572253,37921803,70985326,0.958851768138,0.85422749295,1.07633007536
2020-09-24,,,605.921598792,388,917,201426.04806,196513,208140,177125,91843,312783,2849389,1569956,4798734,52749378,38013646,71298109,0.959535602558,0.852145352362,1.07867272089
2020-09-25,,,596.822999712,380,906,202022.87106,196894,209046,175716,90222,313165,2819865,1540948,4778708,52925094,38103868,71611274,0.960223030205,0.850876949117,1.08060695893
2020-09-26,,,587.91784074,372,896,202610.7889,197267,209941,174387,88776,313742,2791549,1512804,4761512,53099481,38192644,71925016,0.960913916376,0.849117146552,1.08353208005
2020-09-27,,,579.208695967,364,886,203189.997596,197631,210827,173136,87333,314637,2764437,1485549,4747639,53272617,38279977,72239653,0.961608122314,0.847361753872,1.08675556455
2020-09-28,,,570.697720839,356,878,203760.695317,197988,211704,171965,85856,315799,2738527,1459074,4737521,53444582,38365833,72555452,0.962305504998,0.845545933996,1.08997699676
2020-09-29,,,562.386023956,349,870,204323.081341,198338,212573,170874,84468,317604,2713814,1433382,4731401,53615456,38450301,72873056,0.963005916935,0.843737656953,1.09319568426
2020-09-30,,,554.274256971,342,862,204877.355598,198680,213434,169863,83051,319329,2690298,1408382,4728862,53785319,38533352,73192385,0.96370920591,0.841936814976,1.09694678843
2020-10-01,,,546.363047411,335,855,205423.718645,199016,214288,168933,81646,320656,2667978,1384032,4729494,53954252,38614998,73513041,0.964420755154,0.840143300526,1.10116680439
2020-10-02,,,538.653035285,328,848,205962.371681,199344,215135,168084,80319,321876,2646855,1360262,4732925,54122336,38695317,73834917,0.965137617795,0.838421602103,1.10327729108
2020-10-03,,,531.144853766,321,841,206493.516534,199666,215975,167317,78925,324263,2626930,1336955,4740519,54289653,38774242,74159180,0.965857025924,0.836638649429,1.1053735043
2020-10-04,,,523.838812442,315,833,207017.355347,199981,216807,166632,77654,326502,2608205,1314229,4752194,54456285,38851896,74485682,0.966582300826,0.834862719237,1.10989039386
2020-10-05,,,516.734956114,308,826,207534.090303,200291,217632,166030,76486,329361,2590683,1292113,4768039,54622315,38928382,74815043,0.967315683555,0.833093706211,1.11322561658
2020-10-06,,,509.83320037,302,819,208043.923503,200593,218450,165513,75377,331770,2574369,1270689,4786664,54787828,39003759,75146813,0.968052718395,0.831331505833,1.11655659041
2020-10-07,,,503.13341734,296,814,208547.056921,200890,219263,165080,74197,334233,2559269,1249747,4807936,54952908,39077956,75481046,0.968791346714,0.829676859761,1.11988248351
2020-10-08,,,496.635456113,290,808,209043.692377,201180,220069,164733,72989,337491,2545389,1229244,4832656,55117641,39150945,75818537,0.969531975598,0.827999042475,1.12320241923
2020-10-09,,,490.338980483,284,802,209534.031357,201465,220871,164473,71808,341753,2532737,1209213,4861626,55282114,39222753,76160290,0.970281241063,0.826712824659,1.1271565201
2020-10-10,,,484.243465854,279,797,210018.274823,201744,221667,164301,70674,345867,2521322,1189667,4894316,55446415,39293427,76506157,0.971039957129,0.825335746554,1.13067299178
2020-10-11,,,478.348233985,273,792,210496.623057,202018,222458,164219,69614,349575,2511155,1170509,4930141,55610634,39363041,76855732,0.971802397625,0.824024428353,1.13418238786
2020-10-12,,,472.652487105,268,786,210969.275544,202287,223242,164228,68569,353752,2502246,1151746,4969251,55774862,39431610,77209484,0.972565582135,0.823706016433,1.13739142668
2020-10-13,,,467.155438085,262,780,211436.430982,202550,224021,164329,67480,358701,2494609,1133370,5012161,55939191,39499090,77568185,0.9733370555,0.823383217016,1.14191577069
2020-10-14,,,461.856398688,257,776,211898.287381,202809,224796,164524,66514,364678,2488259,1115416,5059245,56103715,39565604,77932863,0.974114711571,0.823063205556,1.14614999013
2020-10-15,,,456.754637524,252,772,212355.042019,203062,225567,164815,65583,370190,2483212,1097947,5110115,56268530,39631187,78303053,0.974913903847,0.822767119251,1.14917598981
2020-10-16,,,451.84939336,248,768,212806.891412,203310,226334,165205,64697,375720,2479483,1080998,5165187,56433735,39695884,78678773,0.975717560946,0.821466276847,1.15161077584
2020-10-17,,,447.139909064,243,763,213254.031321,203555,227095,165693,63850,382471,2477092,1064527,5225781,56599428,39759734,79061244,0.97652080618,0.820505924759,1.1553797209
2020-10-18,,,442.625479277,239,760,213696.6568,203794,227854,166284,62910,388937,2476059,1048511,5290450,56765712,39822644,79450181,0.977323631766,0.819664534939,1.15926057167
2020-10-19,,,438.305594725,235,758,214134.962395,204030,228610,166979,61955,396103,2476405,1032810,5360053,56932691,39884599,79846284,0.978129142663,0.818984322218,1.16316664867
2020-10-20,,,434.179810089,230,758,214569.142205,204261,229366,167780,61074,403144,2478155,1017396,5433838,57100471,39945673,80249428,0.978938620661,0.818413710852,1.16615905003
2020-10-21,,,430.247746533,226,756,214999.389952,204488,230119,168691,60247,410987,2481334,1002263,5513055,57269162,40005920,80660415,0.979751066079,0.818958895207,1.16923563052
2020-10-22,,,426.50910475,222,756,215425.899056,204711,230873,169714,59446,420027,2485968,987508,5598847,57438876,40065366,81080442,0.980578536098,0.818295369922,1.17260669832
2020-10-23,,,422.963695248,218,756,215848.862752,204931,231627,170851,58680,429006,2492087,973198,5690358,57609727,40124046,81509448,0.981405638989,0.816960133434,1.17680138652
2020-10-24,,,419.611701247,215,757,216268.474453,205147,232381,172107,57986,437520,2499720,959374,5786121,57781834,40182032,81946968,0.98223216361,0.817829197764,1.17887144327
2020-10-25,,,416.453422885,211,759,216684.927876,205359,233138,173483,57263,446313,2508902,945962,5886559,57955317,40239295,82393281,0.983058054267,0.817022174726,1.18228435768
2020-10-26,,,413.489286951,207,762,217098.417163,205567,233897,174983,56552,456987,2519666,932900,5993956,58130300,40295847,82850268,0.983885700782,0.817040575632,1.18575193689
2020-10-27,,,410.719862615,204,765,217509.137025,205772,234660,176611,55934,467835,2532049,920263,6108017,58306911,40351781,83318103,0.984708983827,0.816669831917,1.18919552107
2020-10-28,,,408.145895903,201,769,217917.282921,205974,235426,178370,55322,477998,2546091,908106,6227314,58485281,40407103,83796101,0.985529422111,0.816202625147,1.19200933572
2020-10-29,,,405.768348282,197,772,218323.05127,206173,236195,180265,54676,488576,2561832,896270,6351226,58665546,40461779,84284677,0.986349817533,0.815811099611,1.19560764569
2020-10-30,,,403.588384006,194,774,218726.639654,206368,236967,182298,54158,502515,2579315,884847,6483565,58847844,40515937,84787192,0.987171292574,0.815096096096,1.19950095692
2020-10-31,,,401.607358743,191,779,219128.247012,206559,237742,184475,53546,515206,2598585,873696,6623069,59032319,40569483,85302398,0.987987928481,0.81393442265,1.20306314413
2020-11-01,,,399.826818143,188,785,219528.07383,206748,238523,186799,53063,528480,2619690,862907,6769095,59219118,40622546,85830878,0.988799309635,0.81287754307,1.20668844397
