date,actual_deaths,total_deaths,predicted_deaths_mean,predicted_deaths_lower,predicted_deaths_upper,predicted_total_deaths_mean,predicted_total_deaths_lower,predicted_total_deaths_upper,predicted_new_infected_mean,predicted_new_infected_lower,predicted_new_infected_upper,predicted_current_infected_mean,predicted_current_infected_lower,predicted_current_infected_upper,predicted_total_infected_mean,predicted_total_infected_lower,predicted_total_infected_upper,r_values_mean,r_values_lower,r_values_upper
2020-02-05,0,0,,,,,,,125,65,178,125,65,178,125,65,178,2.25112335643,2.1,2.4
2020-02-06,0,0,,,,,,,125,65,178,250,130,356,250,130,356,2.25111408634,2.09998966049,2.39999964992
2020-02-07,0,0,,,,,,,125,65,178,374,195,534,375,195,534,2.25111094467,2.09998616069,2.39999947268
2020-02-08,0,0,,,,,,,125,65,178,499,260,712,500,260,712,2.25110672549,2.09998148104,2.39999920301
2020-02-09,0,0,,,,,,,287,163,404,787,438,1103,787,423,1116,2.25110105415,2.09997521247,2.39999879251
2020-02-10,0,0,,,,,,,287,163,404,1074,607,1502,1074,586,1520,2.25109342371,2.09996686471,2.39999816956
2020-02-11,0,0,,,,,,,287,163,404,1362,773,1904,1361,749,1924,2.25108314742,2.09995602729,2.39999726987
2020-02-12,0,0,,,,,,,287,163,404,1649,938,2306,1648,912,2328,2.25106929376,2.0999416826,2.39999593253
2020-02-13,0,0,,,,,,,465,279,650,2114,1238,2935,2113,1191,2978,2.25105059764,2.09992182987,2.39999386288
2020-02-14,0,0,,,,,,,670,410,927,2784,1654,3856,2783,1601,3905,2.25099632585,2.09986458716,2.39996488345
2020-02-15,0,0,,,,,,,1202,749,1618,3986,2457,5434,3985,2350,5523,2.25095853498,2.09982547439,2.3999572396
2020-02-16,0,0,,,,,,,2394,1468,3094,6381,4054,8465,6379,3818,8617,2.25090048997,2.09976624654,2.39993922906
2020-02-17,0,0,,,,,,,3858,2493,4910,10239,6680,13282,10237,6311,13527,2.2508260225,2.09969079502,2.39991758622
2020-02-18,0,0,,,,,,,4272,2809,5443,14510,9530,18696,14509,9120,18970,2.25072824828,2.09959283178,2.39988794626
2020-02-19,0,0,,,,,,,5028,3372,6388,19538,12965,25041,19537,12492,25358,2.25059808321,2.09946421759,2.39984672281
2020-02-20,0,0,,,,,,,5165,3477,6575,24578,16390,31431,24702,15969,31933,2.25042239095,2.09929346313,2.39978686523
2020-02-21,0,0,,,,,,,5692,3892,7235,30145,20241,38468,30394,19861,39168,2.25018365433,2.09906560913,2.39969835405
2020-02-22,0,0,,,,,,,6766,4704,8603,36787,24926,46855,37160,24565,47771,2.24986173584,2.09876402368,2.3995698473
2020-02-23,0,0,,,,,,,8098,5719,10268,44760,30674,56869,45258,30284,58039,2.24942763948,2.09836546732,2.39938265345
2020-02-24,0,0,,,,,,,10276,7242,13125,54749,37831,69531,55534,37526,71164,2.24883985478,2.09783759348,2.3991097843
2020-02-25,0,0,,,,,,,16123,10813,20550,70584,48656,89563,71657,48339,91714,2.24804124706,2.09713730317,2.39874318351
2020-02-26,0,0,,,,,,,19427,13288,24845,89724,61825,113970,91084,61627,116559,2.24695304241,2.09620711657,2.39821212721
2020-02-27,0,0,,,,,,,21181,14355,27279,110617,76029,140833,112265,75982,143838,2.24546840192,2.09496753096,2.39745547699
2020-02-28,0,0,,,,,,,25757,17289,33495,135909,93036,173669,138022,93271,177333,2.24344023984,2.09344704916,2.39633215089
2020-02-29,1,1,,,,,,,31467,20575,41544,166706,113208,214240,169489,113846,218877,2.24066556416,2.09146588482,2.39469312847
2020-03-01,0,1,,,,,,,40826,26141,54475,206330,138660,266976,210315,139987,273352,2.23686556867,2.08836129306,2.39243551849
2020-03-02,5,6,,,,,,,50706,32141,68142,254641,169438,331875,261021,172128,341494,2.23165949912,2.08426481731,2.38916153592
2020-03-03,1,7,,,,,,,62814,39617,84609,313597,206648,411432,323835,211745,426103,2.22453161334,2.07915126189,2.38433201521
2020-03-04,4,11,,,,,,,76918,47958,103969,386243,251885,509820,400753,259703,530072,2.21479018901,2.07239613245,2.37733030047
2020-03-05,1,12,,,,,,,95929,59370,130320,477145,307967,633597,496682,319073,660392,2.20152162554,2.06281288718,2.3686948184
2020-03-06,2,14,,,,,,,117079,71893,159348,589059,376463,786206,613761,390966,819740,2.18354780066,2.04765987235,2.35707107918
2020-03-07,3,17,,,,,,,140697,86637,193440,724064,459239,972197,754458,477603,1013180,2.15940288895,2.02691558228,2.33785592994
2020-03-08,4,21,,,,,,,166134,104551,229386,883432,559035,1192830,920592,582154,1242566,2.12735921256,1.98926012344,2.30989154765
2020-03-09,1,22,,,,,,,192615,125292,263833,1067949,678461,1446398,1113207,707446,1506399,2.0855456676,1.93039724557,2.27448305511
2020-03-10,6,28,,,,,,,219208,148153,298308,1276881,819108,1731636,1332415,855599,1804707,2.03220642483,1.86220755206,2.238210827
2020-03-11,5,33,,,,,,,242541,168116,324040,1503299,976380,2035134,1574956,1023715,2128747,1.96611778243,1.77921267654,2.19285756583
2020-03-12,10,43,,,,,,,261537,182438,343646,1745409,1145420,2354001,1836493,1206153,2472393,1.88709643065,1.67758552169,2.14564669128
2020-03-13,9,52,,,,,,,276398,194364,365458,2000626,1325346,2692195,2112891,1400517,2837851,1.79641768177,1.57083208364,2.09275758782
2020-03-14,6,58,,,,,,,287028,202116,381710,2261897,1510136,3040374,2399919,1602633,3219561,1.69691598411,1.45199623535,2.04304273253
2020-03-15,12,70,,,,,,,294646,209738,396494,2525076,1699423,3395210,2694565,1812371,3616055,1.59265571022,1.32876409873,1.9748830638
2020-03-16,27,97,,,,,,,299455,215554,406853,2783705,1889129,3747450,2994020,2027925,4022908,1.48827636263,1.21889438958,1.88975032103
2020-03-17,35,132,,,,,,,302111,219732,409070,3035111,2077185,4088230,3296131,2247657,4431978,1.38825392138,1.1275236637,1.78300115249
2020-03-18,59,191,,,,,,,303290,223504,409136,3275587,2261711,4412535,3599421,2471161,4841114,1.29629706151,1.05520630357,1.66532297052
2020-03-19,77,268,,,,,,,303403,226563,406558,3502072,2441140,4714811,3902824,2697724,5247672,1.21498367372,1.00307599435,1.54445719929
2020-03-20,99,367,,,,,,,302860,229086,404261,3709003,2611890,4988270,4205684,2926810,5651933,1.14564185125,0.966174440027,1.43185289876
2020-03-21,95,462,,,,,,,301736,230812,399110,3893660,2771925,5227340,4507420,3157622,6051043,1.08843431663,0.940991579679,1.33365184775
2020-03-22,148,610,,,,,,,300110,231846,395517,4053073,2918265,5428632,4807530,3389468,6446560,1.0425949724,0.923582295638,1.25171715893
2020-03-23,187,797,,,,,,,298112,231845,390477,4185051,3046572,5588948,5105642,3621313,6837037,1.00675360178,0.909928571501,1.17765168457
2020-03-24,242,1039,,,,,,,295789,231627,383627,4288225,3153769,5707690,5401431,3852940,7220664,0.979268037039,0.891949590879,1.11354878666
2020-03-25,316,1355,,,,,,,293190,231458,376944,4362207,3238056,5785322,5694621,4084398,7597608,0.958491132866,0.878007531224,1.06812238694
2020-03-26,422,1777,,,,,,,290320,230615,370750,4409987,3301248,5830760,5984941,4315013,7968358,0.942938404432,0.867759202778,1.0262750922
2020-03-27,561,2338,,,,,,,287174,228759,364597,4435623,3347929,5850320,6272115,4543772,8332955,0.931363369391,0.859483562375,1.00178634213
2020-03-28,654,2992,,,,,,,283761,225735,359050,4442986,3379237,5842778,6555876,4769507,8692005,0.922768702325,0.853107403406,0.982372059243
2020-03-29,634,3626,,,,,,,280121,222560,353634,4436079,3399115,5813992,6835997,4992067,9045639,0.916382469472,0.849256910784,0.970999674311
2020-03-30,834,4460,,,,,,,276208,219792,347211,4417641,3408407,5764577,7112205,5211859,9392850,0.911620648683,0.845550040839,0.96245959194
2020-03-31,1255,5715,,,,,,,272072,216672,340945,4390258,3408546,5699159,7384277,5428531,9733795,0.908048201843,0.843627516591,0.956951145792
2020-04-01,1268,6983,,,,,,,267732,212703,334743,4355879,3400319,5625594,7652009,5641234,10068538,0.905344445867,0.842037100054,0.952697830372
2020-04-02,1613,8596,,,,,,,263214,208652,328003,4315803,3384185,5545363,7915223,5849886,10396541,0.903274618364,0.840714090263,0.949250686242
2020-04-03,1337,9933,,,,,,,258545,204241,322243,4270944,3360640,5462114,8173768,6054127,10718784,0.90166760464,0.839740842025,0.946560208401
2020-04-04,1327,11260,,,,,,,253750,199739,316304,4221834,3330244,5375408,8427518,6253866,11035088,0.900398999122,0.838926873849,0.944728363006
2020-04-05,1502,12762,,,,,,,248862,195373,310150,4168961,3294008,5287657,8676380,6449239,11345238,0.899378467747,0.838308134229,0.943170059128
2020-04-06,1739,14501,,,,,,,243914,191255,303798,4112765,3252820,5197170,8920294,6640494,11649036,0.898540436467,0.837599117415,0.94208161842
2020-04-07,2379,16880,,,,,,,238939,186906,297770,4053591,3207439,5105715,9159233,6827400,11946806,0.897837285929,0.836943842894,0.941092993005
2020-04-08,2182,19062,,,,,,,233965,182515,292062,3991767,3158038,5015087,9393198,7009915,12238868,0.897234403382,0.836352835534,0.940405750331
2020-04-09,2151,21213,,,,,,,229020,178134,286280,3927597,3104572,4925147,9622218,7188049,12525148,0.896706596266,0.83598536632,0.939688185702
2020-04-10,2146,23359,,,,,,,224124,173754,280569,3861401,3047619,4835495,9846342,7361803,12805717,0.896235497356,0.835675505129,0.939247738481
2020-04-11,2124,25483,,,,,,,219296,169667,274821,3793523,2988443,4746096,10065638,7531470,13080538,0.89580448099,0.835340314234,0.93882067274
2020-04-12,1853,27336,,,,,,,214549,165531,269049,3724311,2928160,4656353,10280187,7697001,13349587,0.895408920866,0.834856732514,0.938414722173
2020-04-13,1906,29242,,,,,,,209890,161648,263468,3654080,2867184,4566365,10490077,7858649,13613055,0.895038696508,0.834342765251,0.938072987712
2020-04-14,2457,31699,,,,,,,205327,157783,257877,3583199,2805104,4477109,10695404,8016432,13870932,0.894691029081,0.833923583688,0.937777041448
2020-04-15,2609,34308,,,,,,,200862,154054,252509,3511989,2742419,4388683,10896266,8170486,14123441,0.894366447332,0.833648475419,0.937486723304
2020-04-16,2175,36483,,,,,,,196496,150345,247455,3440754,2680019,4301368,11092762,8320831,14370896,0.894056001101,0.833385132036,0.937186798074
2020-04-17,2666,39149,,,,,,,192229,146796,242490,3369769,2618151,4215840,11284991,8467627,14613386,0.893761648295,0.833108024571,0.936895323629
2020-04-18,2445,41594,,,,,,,188060,143263,237761,3299285,2557184,4131357,11473051,8610890,14851147,0.893479649679,0.832944972034,0.936611013986
2020-04-19,1276,42870,,,,,,,183987,139867,232928,3229522,2497334,4048002,11657038,8750757,15084075,0.893212386378,0.832682160229,0.936322694704
2020-04-20,1834,44704,,,,,,,180008,136593,228436,3160668,2438580,3966329,11837046,8887350,15312511,0.892958629135,0.832537668854,0.936052594545
2020-04-21,2504,47208,,,,,,,176121,133254,224010,3092875,2380597,3886613,12013167,9020604,15536521,0.892718619345,0.83230702497,0.935767898259
2020-04-22,2431,49639,,,,,,,172324,129987,219607,3026260,2323688,3808540,12185491,9150591,15756128,0.89249412282,0.832119719929,0.93554236726
2020-04-23,2466,52105,,,,,,,168616,126883,215478,2960911,2268050,3732049,12354107,9277474,15971606,0.89228788336,0.832006423948,0.935273787576
2020-04-24,2154,54259,,,,,,,164995,123817,211506,2896886,2213714,3657368,12519102,9401291,16183112,0.892103939924,0.832048120334,0.935036334762
2020-04-25,1697,55956,,,,,,,161462,120755,207655,2834223,2160693,3584543,12680564,9522046,16390767,0.891947672935,0.831907712498,0.934875786893
2020-04-26,1330,57286,,,,,,,158014,117833,203965,2772941,2108835,3513774,12838578,9639879,16594732,0.891826662976,0.831842439418,0.934683724973
2020-04-27,1467,58753,,,,,,,154652,114848,200279,2713045,2058124,3445075,12993230,9754727,16795011,0.891750897892,0.831814411403,0.934443693413
2020-04-28,2241,60994,,,,,,,151374,111972,196851,2654529,2008425,3378517,13144604,9866699,16991862,0.891734034637,0.831855659084,0.934236760353
2020-04-29,2521,63515,,,,,,,148182,109178,193443,2597384,1959799,3314127,13292786,9975877,17185305,0.891794344987,0.831832118176,0.934085682782
2020-04-30,2324,65839,,,,,,,145076,106439,190163,2541598,1912170,3251809,13437862,10082316,17375468,0.89195601254,0.8320330132,0.934020185102
2020-05-01,1891,67730,,,,,,,142058,103841,186953,2487160,1865654,3191323,13579920,10186157,17562421,0.892250791568,0.832163596419,0.933889956903
2020-05-02,1692,69422,,,,,,,139129,101242,183736,2434060,1820091,3132575,13719049,10287399,17746157,0.892719803265,0.832082611912,0.934071235003
2020-05-03,1121,70543,,,,,,,136291,98628,180656,2382290,1775452,3075467,13855340,10386027,17926813,0.89341527634,0.832071377251,0.934609359192
2020-05-04,1333,71876,,,,,,,133549,96210,177821,2331852,1731790,3020352,13988889,10482237,18104634,0.894401786344,0.831961237565,0.935170327506
2020-05-05,2318,74194,,,,,,,130906,93783,175006,2282749,1688976,2966908,14119795,10576020,18279640,0.895756194715,0.832158728395,0.937139333144
2020-05-06,2363,76557,,,,,,,128367,91498,172286,2234995,1647220,2915171,14248162,10667518,18451926,0.897565138439,0.832340561676,0.940504606923
2020-05-07,1936,78493,,,,,,,125939,89241,169657,2188610,1606472,2865212,14374101,10756759,18621583,0.899918820487,0.832962095428,0.9536557124
2020-05-08,1747,80240,,,,,,,123628,87055,167146,2143623,1566642,2816870,14497729,10843814,18788729,0.902900551978,0.833549511947,0.969591963583
2020-05-09,1488,81728,,,,,,,121444,85042,164776,2100072,1527864,2770129,14619173,10928856,18953505,0.906573607649,0.834565086183,0.989399603592
2020-05-10,894,82622,,,,,,,119397,83170,162535,2058007,1490277,2725002,14738570,11012026,19116040,0.910970228625,0.836524938097,1.01504981092
2020-05-11,1015,83637,,,,,,,117499,81448,160484,2017492,1453893,2681517,14856069,11093474,19276524,0.916089634988,0.837607666308,1.04828666702
2020-05-12,1626,85263,,,,,,,115763,79804,158676,1978603,1418848,2639912,14971832,11173278,19435200,0.921908825216,0.839290089925,1.07544994628
2020-05-13,1763,87026,,,,,,,114204,78328,157061,1941433,1385206,2600122,15086036,11251606,19592261,0.928401345869,0.842263881523,1.09948316788
2020-05-14,1783,88809,,,,,,,112837,76992,155699,1906088,1353022,2562379,15198873,11328598,19747960,0.935552401854,0.846073928054,1.12380735826
2020-05-15,1681,90490,,,,,,,111675,75926,154521,1872688,1322513,2526736,15310548,11404524,19902481,0.94336214394,0.852308110145,1.14550836771
2020-05-16,1216,91706,,,,,,,110736,74925,153668,1841365,1293604,2493447,15421284,11479449,20056149,0.951839884117,0.862078282569,1.16328912379
2020-05-17,758,92464,,,,,,,110030,74146,153122,1812266,1266517,2462823,15531314,11553595,20209271,0.960997276142,0.874760808304,1.17697824277
2020-05-18,776,93240,,,,,,,109573,73517,152871,1785548,1241419,2435020,15640887,11627112,20362142,0.970841835707,0.875178288996,1.19332165262
2020-05-19,1555,94795,,,,,,,109376,73088,152914,1761376,1218315,2410087,15750263,11700200,20515056,0.981363416376,0.875318968321,1.20506228904
2020-05-20,1579,96374,,,,,,,109451,72920,153157,1739921,1197474,2388212,15859714,11773120,20668213,0.992510117396,0.875650746322,1.22587692055
2020-05-21,1234,97608,,,,,,,109808,72993,153726,1721362,1179000,2369625,15969522,11846113,20821939,1.00416512818,0.876129037714,1.24196048709
2020-05-22,1273,98881,,,,,,,110455,73259,154715,1705878,1163061,2354655,16079977,11919372,20976654,1.01614519047,0.877117282113,1.25410584122
2020-05-23,1130,100011,,,,,,,111403,73798,156020,1693654,1149852,2343495,16191380,11993170,21132674,1.02823152888,0.877634185688,1.25889909327
2020-05-24,614,100625,,,,,,,112662,74604,157467,1684871,1139466,2336155,16304042,12067774,21290141,1.04022163515,0.878095903926,1.26017172976
2020-05-25,523,101148,,,,,,,114239,75701,159402,1679713,1132050,2332993,16418281,12143475,21449543,1.05197431351,0.878697211368,1.26367965539
2020-05-26,695,101843,,,,,,,116153,76996,161622,1678367,1127656,2334109,16534434,12220471,21611165,1.06342430637,0.879638212383,1.27020457266
2020-05-27,1518,103361,,,,,,,118415,78609,164401,1681018,1126521,2339811,16652849,12299080,21775566,1.07456411143,0.880689662637,1.28032181705
2020-05-28,1192,104553,,,,,,,121029,80600,167669,1687843,1128850,2350401,16773878,12379680,21943235,1.08540831508,0.882251818989,1.30381233429
2020-05-29,1171,105724,,,,,,,124008,82882,171008,1699014,1134788,2365695,16897886,12462562,22114243,1.09597331793,0.884600347208,1.30720423108
2020-05-30,979,106703,,,,,,,127368,85455,175122,1714706,1144359,2386275,17025254,12548017,22289365,1.10629291189,0.88794257938,1.31112192274
2020-05-31,591,107294,,,,,,,131124,88263,179613,1735095,1157738,2412196,17156378,12636280,22468978,1.11639007071,0.892772027183,1.31205316443
2020-06-01,777,108071,,,,,,,135298,91438,184674,1760363,1175065,2443711,17291676,12727718,22653652,1.1262831907,0.899718915516,1.31259298516
2020-06-02,1043,109114,,,,,,,139905,94990,190457,1790694,1196561,2481235,17431581,12822708,22844109,1.13593326977,0.909125719743,1.31291854537
2020-06-03,1011,110125,,,,,,,144964,98927,196804,1826282,1222415,2525038,17576545,12921635,23040913,1.14525125987,0.921742707735,1.31542195768
2020-06-04,1023,111148,,,,,,,150497,103240,203897,1867328,1252747,2575678,17727042,13024875,23244810,1.15408728647,0.931169354572,1.32191520467
2020-06-05,949,112097,,,,,,,156521,107948,211801,1914041,1287712,2633652,17883563,13132823,23456611,1.16230545575,0.936755064989,1.33337760233
2020-06-06,687,112784,,,,,,,163055,112841,220195,1966641,1327300,2699025,18046618,13245664,23676806,1.16980260581,0.941804644212,1.34197465963
2020-06-07,447,113231,,,,,,,170119,118190,229156,2025356,1371694,2772058,18216737,13363854,23905962,1.17649087712,0.949756845146,1.34721174106
2020-06-08,513,113744,,,,,,,177728,124013,238755,2090423,1421104,2853277,18394465,13487867,24144717,1.18233877609,0.958677893758,1.34664843922
2020-06-09,945,114689,,,,,,,185896,130459,249213,2162080,1475855,2943029,18580361,13618326,24393930,1.18730206243,0.97136292281,1.34868708182
2020-06-10,918,115607,,,,,,,194630,137140,260093,2240556,1535984,3041454,18774991,13755466,24654023,1.19138018818,0.986145033372,1.34949290931
2020-06-11,888,116495,,,,,,,203930,144295,271836,2326072,1601656,3148860,18978921,13899761,24925859,1.19457985027,1.00917038272,1.35002773205
2020-06-12,832,117327,,,,,,,213790,151828,284502,2418833,1672867,3265687,19192711,14051589,25210361,1.19690298844,1.03497331308,1.35256278738
2020-06-13,763,118090,,,,,,,224193,160120,297753,2519018,1750089,3392457,19416904,14211709,25508114,1.19836814684,1.05548245818,1.35377141014
2020-06-14,308,118398,,,,,,,235110,168883,311404,2626760,1833499,3528793,19652014,14380592,25819518,1.19894827828,1.05294042604,1.35441279391
2020-06-15,391,118789,,,,,,,246499,177975,326078,2742135,1923195,3675316,19898513,14558567,26145596,1.19865552711,1.04854125841,1.35555501511
2020-06-16,843,119632,,,,,,,258301,186774,340415,2865138,2018541,3831138,20156814,14745341,26486011,1.19747062319,1.03855515581,1.35587284579
2020-06-17,752,120384,,,,,,,270445,196419,354832,2995678,2119961,3995589,20427259,14941760,26840843,1.19539259974,1.02685328707,1.35658120679
2020-06-18,710,121094,,,,,,,282844,206140,369900,3133558,2227169,4168750,20710103,15147900,27210743,1.19242898123,1.01197893831,1.35577143758
2020-06-19,672,121766,,,,,,,295399,216023,385091,3278460,2339948,4350009,21005502,15363923,27595834,1.18857041186,1.0038069057,1.35604682813
2020-06-20,613,122379,,,,,,,307996,226116,400091,3429934,2458105,4538336,21313498,15590039,27995925,1.18383465258,0.9929763701,1.35588982732
2020-06-21,284,122663,,,,,,,320515,236459,414734,3587394,2581699,4732899,21634013,15826498,28410659,1.17822704451,0.988746458819,1.35568104006
2020-06-22,387,123050,,,,,,,332830,246683,428265,3750105,2710167,4932019,21966843,16073181,28838924,1.17184030872,0.98164228462,1.35631144377
2020-06-23,847,123897,,,,,,,344818,256790,442123,3917195,2842909,5135377,22311661,16329971,29281047,1.1647793396,0.97410588027,1.35522123712
2020-06-24,764,124661,,,,,,,356365,267010,455489,4087664,2979447,5341641,22668026,16596981,29736536,1.15716340723,0.968435513147,1.35354562144
2020-06-25,559,125220,,,,,,,367369,277388,467502,4260403,3119696,5549015,23035395,16874369,30204038,1.14911799888,0.96273417227,1.35073240788
2020-06-26,612,125832,,,,,,,377742,286715,479086,4434215,3262161,5756229,23413137,17161084,30683124,1.14073484785,0.955384789804,1.34855284654
2020-06-27,500,126332,,,,,,,387417,296082,490612,4607842,3406484,5962319,23800554,17457166,31173736,1.13212068929,0.946717734882,1.3492371163
2020-06-28,251,126583,,,,,,,396341,304572,500654,4779990,3551049,6165232,24196895,17761738,31674390,1.12335371969,0.941742194568,1.34631092594
2020-06-29,364,126947,,,,,,,404479,312478,508800,4949359,3694747,6362624,24601374,18074216,32183190,1.11450718435,0.935533509555,1.3419095236
2020-06-30,735,127682,,,,,,,411814,319309,517436,5114674,3836160,6553964,25013188,18393525,32700626,1.10563176485,0.930956328051,1.33439175253
2020-07-01,687,128369,,,,,,,418340,324995,523603,5274713,3974432,6737101,25431528,18718520,33224229,1.09673966315,0.928890787858,1.32516415294
2020-07-02,724,129093,,,,,,,424067,329935,529332,5428336,4108009,6911589,25855595,19048455,33753561,1.08783383851,0.925774874659,1.31529400422
2020-07-03,653,129746,,,,,,,429014,334674,534755,5574505,4236557,7076427,26284609,19383129,34288316,1.07889746183,0.925034059335,1.30849562521
2020-07-04,271,130017,,,,,,,433204,339211,539876,5712310,4359715,7231199,26717813,19722340,34828192,1.06994013135,0.918348453891,1.30541355392
2020-07-05,299,130316,,,,,,,436669,342365,544186,5840984,4475897,7375290,27154482,20064705,35372378,1.06100400626,0.914791350131,1.30391772946
2020-07-06,351,130667,,,,,,,439444,344708,547019,5959913,4584050,7507582,27593926,20409413,35919397,1.05216550584,0.908838425792,1.29762316875
2020-07-07,1224,131891,,,,,,,441565,347064,549791,6068648,4684325,7629121,28035491,20756477,36469188,1.04351909551,0.906646431738,1.2871787131
2020-07-08,850,132741,,,,,,,443073,348324,551947,6166903,4775753,7738972,28478564,21104801,37021135,1.03516113719,0.904614003126,1.27932922584
2020-07-09,1012,133753,,,,,,,444006,349050,554021,6254543,4857737,7837558,28922570,21453851,37575156,1.0271719337,0.902701805095,1.27224845473
2020-07-10,830,134583,,,,,,,444402,349484,554489,6331577,4929791,7924571,29366972,21803335,38129645,1.01961056011,0.898907050943,1.2619970965
2020-07-11,691,135274,,,,,,,444298,349442,554851,6398132,4992474,8000363,29811270,22152777,38684496,1.01252006139,0.897989716137,1.25031346285
2020-07-12,451,135725,,,,,,,443727,348690,554791,6454442,5045070,8064602,30254997,22501467,39239287,1.00592901348,0.897342019224,1.23589978723
2020-07-13,389,136114,,,,,,,442721,347545,554643,6500823,5088017,8118657,30697718,22849012,39793930,0.99984864974,0.895775790774,1.2213405368
2020-07-14,928,137042,,,,,,,441313,346760,553929,6537656,5122274,8163824,31139031,23195772,40347859,0.994271128076,0.895017718693,1.20154536677
2020-07-15,968,138010,,,,,,,439532,344840,552714,6565375,5147776,8199132,31578563,23540612,40900573,0.989174372935,0.892556101623,1.1867420457
2020-07-16,953,138963,,,,,,,437407,342454,550753,6584442,5165209,8226298,32015970,23883066,41451326,0.984531512966,0.891209754381,1.17605029355
2020-07-17,920,139883,,,,,,,434966,339548,548533,6595341,5174794,8245520,32450936,24222614,41999859,0.980317982403,0.890767180292,1.16217567146
2020-07-18,870,140753,,,,,,,432236,336675,546096,6598563,5176768,8256889,32883172,24559289,42545955,0.97651230233,0.890351859135,1.14826170823
2020-07-19,445,141198,,,,,,,429241,333501,543884,6594600,5171021,8260942,33312413,24892790,43089839,0.973092756883,0.889950350748,1.13264093093
2020-07-20,514,141712,,,,,,,426005,329641,541517,6583936,5158236,8258307,33738418,25222431,43631356,0.970034480184,0.88675287892,1.10956157017
2020-07-21,1109,142821,,,,,,,422548,325742,538777,6567040,5139223,8250095,34160966,25548173,44170133,0.967309000268,0.881624985897,1.08890011597
2020-07-22,1211,144032,,,,,,,418892,321620,535735,6544367,5113748,8236055,34579858,25869793,44705868,0.964885394814,0.879838715681,1.06857809062
2020-07-23,1121,145153,,,,,,,415054,317688,532219,6516349,5083090,8216319,34994912,26187481,45238087,0.962731702436,0.878297383699,1.05339696704
2020-07-24,1123,146276,,,,,,,411054,313451,528966,6483396,5047477,8191265,35405966,26500932,45767053,0.960816141221,0.877987906247,1.04552062073
2020-07-25,901,147177,,,,,,,406907,309232,525909,6445901,5007212,8162673,35812873,26810164,46292962,0.95910826763,0.87745598166,1.04099160851
2020-07-26,477,147654,,,,,,,402630,304937,522629,6404233,4962690,8130442,36215503,27115101,46815591,0.957580115374,0.875836576978,1.03869317698
2020-07-27,1125,148779,,,,,,,398237,300613,519076,6358743,4914593,8094720,36613740,27415714,47334667,0.956207104025,0.875088379638,1.03732452783
2020-07-28,1368,150147,,,,,,,393744,295859,515479,6309766,4862878,8055546,37007484,27711573,47850146,0.954968455656,0.874438110091,1.03302403646
2020-07-29,1436,151583,,,,,,,389162,291121,511702,6257615,4807210,8013299,37396646,28002694,48361848,0.953847006779,0.874054390452,1.02937869694
2020-07-30,1216,152799,,,,,,,384505,286471,507971,6202588,4748811,7968534,37781151,28289165,48869819,0.952828526306,0.873683564147,1.02819790855
2020-07-31,1246,154045,,,,,,,379784,281762,504176,6144966,4688088,7921948,38160935,28570927,49373995,0.951900820849,0.873328566725,1.0264303288
2020-08-01,1111,155156,,,,,,,375010,276824,499897,6085010,4625345,7873300,38535945,28847751,49873892,0.95105293916,0.872980706813,1.02570738916
2020-08-02,406,155562,,,,,,,370194,271587,495318,6022967,4560236,7822504,38906139,29119338,50369210,0.950274675766,0.872642933573,1.02441741315
2020-08-03,539,156101,,,,,,,365344,266539,490782,5959070,4493257,7769398,39271483,29385877,50859992,0.949556403885,0.872303285886,1.02330616534
2020-08-04,1378,157479,,,,,,,360470,261594,486102,5893535,4425195,7713986,39631953,29647471,51346094,0.948889139782,0.87198336586,1.02276877151
2020-08-05,1372,158851,,,,,,,355580,256830,481712,5826567,4356283,7656927,39987533,29904301,51827806,0.948264700478,0.871672266516,1.02223010475
2020-08-06,1250,160101,,,,,,,350682,251654,477199,5758358,4286316,7598398,40338215,30155955,52305005,0.947675845687,0.871369680425,1.02166560806
2020-08-07,1243,161344,,,,,,,345784,246762,473048,5689087,4215394,7539229,40683999,30402717,52778053,0.947116349228,0.871075336626,1.02122134266
2020-08-08,1076,162420,,,,,,,340892,242113,468625,5618926,4144060,7478891,41024891,30644830,53246678,0.946580991219,0.870788990313,1.02064149903
2020-08-09,515,162935,,,,,,,336012,237083,464076,5548031,4071915,7417073,41360903,30881913,53710754,0.946065488047,0.870510415761,1.02018317184
2020-08-10,525,163460,,,,,,,331151,232415,459408,5476552,3999399,7353880,41692054,31114328,54170162,0.94556638497,0.870239401469,1.01972287161
2020-08-11,1064,164524,,,,,,,326312,227694,454724,5404627,3926489,7289559,42018366,31342022,54624886,0.945080933719,0.869975746822,1.01916534191
2020-08-12,1507,166031,,,,,,,321500,223002,450480,5332383,3853635,7224583,42339866,31565024,55075366,0.944606971034,0.869719259777,1.0186373073
2020-08-13,1076,167107,,,,,,,316720,218378,446308,5259941,3780893,7159201,42656586,31783402,55521674,0.944142807585,0.869271469148,1.01785707906
2020-08-14,1342,168449,,,,,,,311974,213794,442031,5187409,3708214,7093267,42968560,31997196,55963705,0.943687131636,0.868786668836,1.01720227581
2020-08-15,1029,169478,,,,,,,307265,209352,437894,5114890,3635807,7026989,43275825,32206548,56401599,0.943238928519,0.868326725636,1.01654492274
2020-08-16,571,170049,,,,,,,302596,205088,433447,5042476,3564070,6960544,43578421,32411636,56835046,0.942797415037,0.867888202924,1.01588508981
2020-08-17,445,170494,,,,,,,297968,201086,429239,4970250,3493565,6894477,43876389,32612722,57264285,0.942361987046,0.867468427653,1.0152228494
2020-08-18,1324,171818,,,,,,,293384,197072,424539,4898291,3424094,6828258,44169773,32809794,57688824,0.941932178139,0.867063207311,1.01456683164
2020-08-19,1356,173174,,,,,,,288845,192709,419991,4826665,3355207,6762173,44458618,33002503,58108815,0.941507627425,0.866679691239,1.01392672048
2020-08-20,1078,174252,,,,,,,284351,188532,415601,4755436,3286907,6696079,44742969,33191035,58524416,0.94108805458,0.866334053895,1.01328395789
2020-08-21,1112,175364,,,,,,,279904,184481,410988,4684658,3219732,6629887,45022873,33375516,58935404,0.940673240657,0.866102249851,1.01263884204
2020-08-22,983,176347,,,,,,,275505,180466,406407,4614379,3153433,6563262,45298378,33555982,59341811,0.94026301337,0.8658769328,1.01193939679
2020-08-23,450,176797,,,,,,,271154,176485,402143,4544641,3087803,6496795,45569532,33732467,59743954,0.939857235857,0.865657932665,1.01129849112
2020-08-24,445,177242,,,,,,,267120,172575,398245,4475748,3023287,6430978,45836652,33905042,60142199,0.940346280617,0.868061179455,1.01095142637
2020-08-25,1241,178483,,,,,,,263128,168693,394129,4407725,2959558,6365725,46099780,34073735,60536328,0.940842254713,0.869913575413,1.01073952692
2020-08-26,1222,179705,,,,,,,259191,165031,390207,4340604,2896886,6301237,46358971,34238766,60926535,0.941344719572,0.871797909458,1.01108211631
2020-08-27,1116,180821,,,,,,,255322,161570,386325,4274425,2835444,6237108,46614293,34400336,61312860,0.941853629509,0.871983513441,1.01282409974
2020-08-28,976,181797,,,,,,,251546,158027,382450,4209252,2775087,6173273,46865839,34558363,61695310,0.94236892938,0.871577148218,1.01373483763
2020-08-29,961,182758,,,,,,,247892,154727,378980,4145169,2716014,6110239,47113731,34713090,62074290,0.942890551938,0.871453747994,1.01600793046
2020-08-30,305,183063,,,,,,,244336,151480,375518,4082240,2658138,6047878,47358067,34864570,62449808,0.943418396307,0.871002578005,1.0181185299
2020-08-31,,,858,621,1165,183921,183684,184228,240863,148388,372196,4020506,2601433,5986633,47598930,35012958,62822004,0.943952324267,0.870068694064,1.02037697185
2020-09-01,,,847,610,1156,184768,184295,185383,237472,145302,369002,3960010,2545646,5926407,47836402,35158260,63191006,0.944492229928,0.869875443035,1.02147360957
2020-09-02,,,836,599,1146,185604,184894,186529,234164,142293,365085,3900790,2490864,5866962,48070566,35300553,63556091,0.945038031995,0.86856917336,1.02356413723
2020-09-03,,,825,588,1137,186429,185482,187666,230948,139350,361702,3842893,2437504,5808674,48301514,35439903,63917793,0.945589649905,0.867716374801,1.02556903458
2020-09-04,,,814,576,1127,187243,186058,188792,227823,136512,358190,3786365,2385482,5751255,48529337,35576415,64275983,0.946147001734,0.866305399372,1.0273983382
2020-09-05,,,802,565,1117,188045,186624,189908,224784,133747,354950,3731245,2334747,5695209,48754121,35710162,64630933,0.946709990954,0.866911021848,1.0292884497
2020-09-06,,,791,554,1106,188837,187178,191014,221829,131019,351614,3677569,2285300,5640412,48975950,35841181,64982547,0.947278521041,0.867460257453,1.03056175648
2020-09-07,,,780,543,1096,189617,187722,192109,218957,128431,349201,3625372,2237248,5587465,49194907,35969612,65331748,0.947852500746,0.868008234085,1.0325032298
2020-09-08,,,769,532,1086,190385,188255,193195,216169,125855,346862,3574421,2190529,5536073,49411076,36095467,65678610,0.948431841697,0.867824265158,1.03442311846
2020-09-09,,,758,521,1076,191143,188777,194270,213465,123478,344840,3524759,2145316,5486778,49624541,36218945,66023450,0.949016455113,0.867211937184,1.03664113041
2020-09-10,,,747,511,1067,191890,189288,195337,210845,120963,342065,3476414,2101247,5438627,49835386,36339908,66365515,0.949606248095,0.866428825139,1.03976934747
2020-09-11,,,736,500,1057,192625,189788,196393,208308,118658,339982,3429400,2058335,5392269,50043694,36458566,66705497,0.95020112478,0.865098858491,1.0436904264
2020-09-12,,,725,490,1046,193350,190279,197438,205852,116528,337654,3383705,2016840,5347460,50249546,36575094,67043151,0.950800988617,0.863489487984,1.04606777087
2020-09-13,,,714,480,1037,194064,190759,198474,203476,114457,335386,3339290,1976573,5303859,50453022,36689551,67378537,0.951405742677,0.861417500149,1.04837541997
2020-09-14,,,703,470,1027,194767,191229,199500,201183,112268,333475,3296137,1937365,5261810,50654205,36801819,67712012,0.952015289012,0.860166606491,1.0514367137
2020-09-15,,,692,461,1016,195459,191690,200516,198969,110265,331879,3254244,1899243,5221485,50853174,36912084,68043891,0.952629527401,0.860363578858,1.05430666278
2020-09-16,,,682,451,1005,196141,192142,201520,196837,108352,330061,3213609,1862292,5182533,51050011,37020436,68373952,0.953248354967,0.860090443592,1.05677660258
2020-09-17,,,672,442,994,196813,192585,202514,194784,106243,327949,3174229,1826241,5145380,51244795,37126679,68701901,0.95387166653,0.859127476122,1.05929728752
2020-09-18,,,661,432,984,197474,193018,203497,192811,104198,327208,3136093,1791087,5110867,51437606,37230877,69029109,0.954499354835,0.857529071514,1.06178383469
2020-09-19,,,651,423,974,198126,193442,204470,190918,102274,326870,3099188,1756848,5079529,51628524,37333151,69355979,0.955131310451,0.856822142636,1.06447427223
2020-09-20,,,642,414,964,198767,193857,205434,189104,100491,326310,3063509,1723591,5050878,51817628,37433642,69682289,0.955767421362,0.855663678875,1.06724501082
2020-09-21,,,632,406,955,199399,194263,206388,187370,98681,325292,3029050,1691253,5024552,52004998,37532323,70007581,0.956407572621,0.854279788398,1.07042159933
2020-09-22,,,623,397,946,200022,194661,207333,185715,97051,324246,2995807,1659871,4999591,52190713,37629374,70331827,0.957051646212,0.852309459789,1.07378631907
2020-09-23,,,613,388,935,200635,195050,208267,184139,95415,323989,2963777,1629430,4976705,52374852,37724789,70655816,0.957699520996,0.85034865831,1.076646918
2020-09-24,,,604,380,926,201239,195431,209193,182642,93750,323585,2932953,1599700,4955443,52557494,37818539,70979401,0.958351072596,0.848651083752,1.07893947399
2020-09-25,,,595,372,918,201835,195804,210110,181224,92193,324466,2903333,1570926,4937834,52738718,37910732,71303867,0.959006173175,0.846864629407,1.0816195695
2020-09-26,,,587,364,909,202421,196168,211018,179887,90677,324784,2874911,1542942,4922630,52918605,38001409,71628651,0.959664691173,0.845085741135,1.08467182369
2020-09-27,,,578,356,901,203000,196526,211918,178628,89194,325530,2847688,1515608,4910502,53097233,38090603,71954181,0.960326491077,0.843314309708,1.08786854498
2020-09-28,,,570,349,891,203570,196875,212809,177450,87590,326236,2821661,1488740,4901353,53274683,38178193,72280417,0.960991433217,0.841550226042,1.09106369449
2020-09-29,,,562,341,882,204132,197217,213690,176352,86242,327882,2796831,1462716,4895767,53451035,38264435,72608299,0.961659373566,0.839826156959,1.09425662513
2020-09-30,,,554,334,873,204686,197552,214563,175334,84874,328937,2773196,1437326,4892827,53626369,38349309,72937236,0.962330163497,0.838112999934,1.09769600131
2020-10-01,,,547,327,865,205233,197880,215427,174399,83362,331125,2750758,1412336,4893891,53800768,38432671,73268361,0.963008689879,0.836414755619,1.1012240114
2020-10-02,,,539,320,857,205772,198201,216283,173545,81996,331787,2729518,1388088,4897705,53974313,38514667,73600148,0.963692661785,0.835220782498,1.10367205673
2020-10-03,,,532,314,850,206304,198516,217132,172774,80619,333962,2709480,1364508,4904436,54147087,38595286,73934110,0.964379856964,0.833643474019,1.10610891466
2020-10-04,,,525,308,843,206829,198824,217973,172086,79322,336538,2690648,1341555,4914076,54319173,38674608,74270648,0.96507200753,0.831769223168,1.11005716686
2020-10-05,,,518,301,837,207347,199127,218809,171482,78070,338268,2673025,1319131,4925996,54490655,38752678,74608916,0.965773094964,0.829663573984,1.11335920595
2020-10-06,,,511,296,831,207858,199423,219639,170963,76928,341306,2656618,1297374,4941978,54661618,38829606,74950222,0.96647813251,0.827982686299,1.11676041243
2020-10-07,,,505,290,825,208363,199713,220463,170530,75744,344605,2641434,1276064,4962314,54832148,38905350,75294827,0.967184763417,0.82632683649,1.11980742985
2020-10-08,,,499,284,820,208862,199998,221282,170185,74563,348181,2627480,1255210,4986496,55002333,38979913,75643008,0.967893318415,0.826220490001,1.12314821999
2020-10-09,,,493,278,814,209355,200278,222094,169927,73417,351923,2614766,1234877,5014835,55172260,39053330,75994931,0.968607580701,0.825940462777,1.12653921823
2020-10-10,,,487,273,808,209842,200552,222901,169760,72401,355439,2603301,1215086,5045812,55342020,39125731,76350370,0.969331484072,0.82431127259,1.13004795243
2020-10-11,,,481,268,802,210323,200821,223702,169683,71414,360075,2593097,1195825,5081112,55511703,39197145,76710445,0.97005933487,0.822654881454,1.13355007693
2020-10-12,,,476,263,798,210799,201085,224499,169698,70383,365148,2584167,1177015,5120744,55681401,39267528,77075593,0.970788940327,0.820927246395,1.13704565524
2020-10-13,,,471,258,795,211270,201345,225292,169808,69421,370284,2576525,1158846,5164810,55851209,39336949,77445877,0.971526441969,0.819731844609,1.14055603962
2020-10-14,,,466,254,790,211736,201600,226080,170013,68482,375841,2570187,1141088,5212805,56021222,39405431,77821718,0.972269210569,0.819028891097,1.14412898588
2020-10-15,,,461,249,787,212197,201850,226865,170316,67464,382617,2565169,1123682,5266522,56191538,39472895,78204335,0.973025865476,0.818913610367,1.14769246712
2020-10-16,,,456,245,786,212653,202095,227650,170718,66486,389227,2561488,1106809,5324673,56362256,39539381,78593562,0.973787001254,0.818843933473,1.15128024864
2020-10-17,,,452,240,785,213105,202336,228433,171222,65548,395113,2559165,1090365,5388025,56533478,39604929,78988675,0.974548328417,0.818776942272,1.15501372347
2020-10-18,,,448,236,782,213553,202573,229214,171829,64680,401996,2558221,1074429,5456080,56705307,39669609,79390671,0.975309771712,0.818540067265,1.15827353465
2020-10-19,,,444,232,780,213996,202805,229991,172542,63767,408937,2558677,1058876,5528487,56877849,39733376,79799608,0.976074944113,0.817868851409,1.1623835842
2020-10-20,,,440,228,779,214436,203034,230768,173364,62767,416237,2560560,1043574,5606447,57051213,39796143,80215845,0.976846467127,0.817082023266,1.16578546493
2020-10-21,,,436,224,778,214872,203259,231544,174297,61900,424678,2563894,1028546,5689800,57225510,39858043,80640523,0.977620251103,0.816654929726,1.16913869749
2020-10-22,,,432,220,779,215304,203479,232321,175344,61148,432998,2568707,1013949,5778179,57400854,39919191,81073521,0.978408580811,0.81653930042,1.17200592929
2020-10-23,,,429,216,779,215733,203696,233098,176507,60429,442342,2575030,999813,5872347,57577361,39979620,81515863,0.979198103227,0.816500601984,1.17554982377
2020-10-24,,,426,212,781,216160,203910,233876,177790,59631,452190,2582892,986027,5972617,57755151,40039251,81968053,0.979987515039,0.816872823825,1.17875948718
2020-10-25,,,423,209,782,216583,204120,234656,179196,59005,462711,2592328,972629,6079891,57934347,40098256,82430764,0.98077627524,0.816790623009,1.18197087049
2020-10-26,,,420,206,786,217003,204327,235439,180728,58331,473222,2603374,959542,6193046,58115075,40156587,82903986,0.981566865117,0.816433102999,1.18490969976
2020-10-27,,,418,202,789,217421,204530,236225,182390,57728,484299,2616065,946884,6312204,58297465,40214315,83388285,0.982353191877,0.816063521659,1.18845476983
2020-10-28,,,416,199,793,217837,204730,237015,184185,57106,495318,2630441,934565,6437242,58481650,40271421,83883603,0.983135934433,0.815254345091,1.19180011254
2020-10-29,,,414,196,794,218250,204927,237806,186117,56524,507397,2646545,922606,6568806,58667767,40327945,84391000,0.983918244383,0.814253281375,1.19502242022
2020-10-30,,,412,192,799,218662,205121,238602,188190,55833,520364,2664419,910974,6706566,58855957,40383778,84911364,0.984704801864,0.813179746665,1.19820702811
2020-10-31,,,410,189,804,219072,205311,239402,190408,55303,533437,2684108,899791,6850791,59046365,40439081,85444801,0.985486683783,0.812135086026,1.20135097754
2020-11-01,,,408,186,810,219480,205499,240208,192775,54748,548345,2705661,888990,7004038,59239140,40493829,85993146,0.986263100043,0.811112561818,1.20441023158
