date,actual_deaths,total_deaths,predicted_deaths_mean,predicted_deaths_lower,predicted_deaths_upper,predicted_total_deaths_mean,predicted_total_deaths_lower,predicted_total_deaths_upper,predicted_new_infected_mean,predicted_new_infected_lower,predicted_new_infected_upper,predicted_current_infected_mean,predicted_current_infected_lower,predicted_current_infected_upper,predicted_total_infected_mean,predicted_total_infected_lower,predicted_total_infected_upper,r_values_mean,r_values_lower,r_values_upper
2020-02-05,0,0,,,,,,,125,65,178,125,65,178,125,65,178,2.26305582751,2.1,2.4
2020-02-06,0,0,,,,,,,125,65,178,250,130,356,250,130,356,2.26304661542,2.09999093645,2.39999969811
2020-02-07,0,0,,,,,,,125,65,178,376,194,534,375,195,534,2.26304349211,2.09998796763,2.39999952403
2020-02-08,0,0,,,,,,,125,65,178,501,260,712,500,260,712,2.26303929742,2.09998402598,2.39999928404
2020-02-09,0,0,,,,,,,287,162,404,788,437,1103,787,422,1116,2.26303365888,2.0999787926,2.39999890842
2020-02-10,0,0,,,,,,,287,162,404,1075,605,1502,1074,584,1520,2.26302607255,2.09997184402,2.3999983295
2020-02-11,0,0,,,,,,,287,162,404,1362,771,1903,1361,746,1924,2.26301585574,2.0999626179,2.39999743619
2020-02-12,0,0,,,,,,,287,162,404,1649,935,2305,1648,908,2328,2.26300208258,2.09995036746,2.39999612435
2020-02-13,0,0,,,,,,,466,279,650,2114,1234,2935,2114,1187,2978,2.2629834957,2.09993410103,2.39999420624
2020-02-14,0,0,,,,,,,673,410,936,2787,1650,3865,2787,1597,3914,2.26292862439,2.09988074573,2.39996709568
2020-02-15,0,0,,,,,,,1213,750,1628,4001,2456,5455,4000,2347,5542,2.26289094269,2.09984803766,2.39995987648
2020-02-16,0,0,,,,,,,2407,1474,3096,6408,4058,8488,6407,3821,8638,2.26283282072,2.09979565169,2.39994314865
2020-02-17,0,0,,,,,,,3892,2534,4927,10300,6726,13328,10299,6355,13565,2.26275837931,2.09973050251,2.39992345736
2020-02-18,0,0,,,,,,,4307,2850,5464,14607,9618,18766,14606,9205,19029,2.26266073719,2.09964651916,2.39989830059
2020-02-19,0,0,,,,,,,5065,3411,6412,19672,13094,25135,19671,12616,25441,2.26253082753,2.09953676059,2.39986461641
2020-02-20,0,0,,,,,,,5203,3518,6601,24750,16559,31550,24874,16134,32042,2.26235551075,2.09939129352,2.39981733907
2020-02-21,0,0,,,,,,,5733,3936,7260,30357,20455,38612,30607,20070,39302,2.26211728316,2.0991972514,2.39974963611
2020-02-22,0,0,,,,,,,6816,4752,8641,37049,25189,47037,37423,24822,47943,2.26179617161,2.09894529583,2.39965417961
2020-02-23,0,0,,,,,,,8158,5769,10326,45081,30988,57110,45581,30591,58269,2.26136335012,2.09861479433,2.39951059901
2020-02-24,0,0,,,,,,,10363,7307,13206,55157,38213,69854,55944,37898,71475,2.26077747549,2.09817992017,2.3993207772
2020-02-25,0,0,,,,,,,16242,10898,20662,71112,49126,89998,72186,48796,92137,2.25998163567,2.09760650551,2.39904371995
2020-02-26,0,0,,,,,,,19633,13397,25014,90458,62405,114571,91819,62193,117151,2.25889734785,2.09684911155,2.39861485799
2020-02-27,0,0,,,,,,,21411,14503,27473,111582,76760,141627,113230,76696,144624,2.2574182124,2.0957789737,2.3980191281
2020-02-28,0,0,,,,,,,26045,17465,33754,137161,93943,174723,139275,94161,178378,2.25539768672,2.09424861765,2.39716168611
2020-02-29,1,1,,,,,,,31848,20828,41938,168336,114370,215681,171123,114989,220316,2.25263338578,2.09215164194,2.3958870301
2020-03-01,0,1,,,,,,,41363,26483,55089,208486,140165,269029,212486,141472,275405,2.24884713047,2.08962800551,2.39401360283
2020-03-02,5,6,,,,,,,51459,32582,69102,257538,171381,334898,263945,174054,344507,2.2436586901,2.08596167467,2.39125509329
2020-03-03,1,7,,,,,,,63866,40249,86311,317511,209188,416145,327811,214303,430818,2.23655247359,2.08126488763,2.38719077595
2020-03-04,4,11,,,,,,,78377,48753,106950,391582,255189,517462,406188,263056,537768,2.22683594676,2.07438808623,2.38120518854
2020-03-05,1,12,,,,,,,98050,60484,134564,484567,312358,645420,504238,323540,672332,2.21359265608,2.06587051781,2.37247057203
2020-03-06,2,14,,,,,,,120182,73297,165909,599546,382246,804527,624420,396837,838241,2.19563778784,2.05223765522,2.359655746
2020-03-07,3,17,,,,,,,145237,88767,201311,739049,467163,998417,769657,485604,1039552,2.17149220387,2.03140574538,2.34195517797
2020-03-08,4,21,,,,,,,172666,106975,238201,904900,569370,1227878,942323,592579,1277753,2.13940449975,2.00127489581,2.31549058977
2020-03-09,1,22,,,,,,,201744,128080,274056,1098485,691546,1491633,1144067,720659,1551809,2.0974652858,1.94367861067,2.27849328712
2020-03-10,6,28,,,,,,,231413,153417,310436,1319536,837393,1788991,1375480,874076,1862245,2.04386333894,1.86815961528,2.24647207674
2020-03-11,5,33,,,,,,,257912,176312,343622,1561206,1002756,2111909,1633392,1050388,2205867,1.97730476866,1.78382981492,2.20986793488
2020-03-12,10,43,,,,,,,279629,193530,372519,1821202,1182748,2459429,1913021,1243918,2578386,1.89753154092,1.68758973987,2.15656522243
2020-03-13,8,51,,,,,,,296357,206424,392329,2096148,1374558,2824248,2209378,1450342,2970715,1.80575796834,1.57092809257,2.10318993047
2020-03-14,7,58,,,,,,,307861,214366,403829,2377965,1571396,3194252,2517239,1664708,3374544,1.70479289344,1.45272772205,2.04505735012
2020-03-15,12,70,,,,,,,315487,220688,413844,2661603,1771341,3566001,2832726,1885396,3788388,1.59872817361,1.32886363249,1.9775593517
2020-03-16,27,97,,,,,,,319682,226545,423792,2939922,1971660,3934510,3152408,2111941,4212180,1.49229032462,1.21807568565,1.89215212078
2020-03-17,35,132,,,,,,,321353,230858,428326,3209816,2170355,4293531,3473761,2342799,4640506,1.39009141618,1.12356621613,1.78462425317
2020-03-18,59,191,,,,,,,321368,234096,428288,3467318,2364841,4635260,3795129,2576895,5068794,1.2959971847,1.0514969147,1.66645856998
2020-03-19,73,264,,,,,,,320250,237095,425784,3709191,2554074,4953688,4115379,2813990,5494578,1.21272649046,0.999255107444,1.54459885511
2020-03-20,99,363,,,,,,,318472,239276,423070,3929613,2734034,5241613,4433851,3053266,5917648,1.14170239014,0.962793821844,1.4324773794
2020-03-21,99,462,,,,,,,316150,240791,419809,4125581,2902915,5494863,4750001,3294057,6337457,1.08312615791,0.936868320301,1.33452634005
2020-03-22,110,572,,,,,,,313384,241517,415853,4293729,3057186,5708726,5063385,3535574,6753310,1.03622264836,0.918739506837,1.25121189578
2020-03-23,189,761,,,,,,,310317,241796,410099,4431379,3193657,5879924,5373702,3777370,7163409,0.999583227059,0.895361880792,1.17450194151
2020-03-24,239,1000,,,,,,,306994,241569,401964,4536630,3308809,6006966,5680696,4018939,7565373,0.971515587754,0.877278802797,1.1088298525
2020-03-25,324,1324,,,,,,,303457,240483,394282,4608673,3397502,6089749,5984153,4259422,7959655,0.950322854629,0.86625975191,1.05848947572
2020-03-26,408,1732,,,,,,,299701,238550,387517,4650462,3461203,6132659,6283854,4497972,8347172,0.934477457946,0.858365664401,1.02045777369
2020-03-27,518,2250,,,,,,,295714,234373,380002,4666547,3502695,6139252,6579568,4732345,8727174,0.922698497328,0.853081609297,0.993864909511
2020-03-28,633,2883,,,,,,,291504,230063,372320,4661694,3526234,6118435,6871072,4962408,9099494,0.913962573525,0.849035958438,0.978238463427
2020-03-29,586,3469,,,,,,,287105,225825,365395,4640938,3536837,6079256,7158177,5188233,9464889,0.907478706002,0.845652833857,0.967135229912
2020-03-30,692,4161,,,,,,,282471,221577,358124,4607923,3536316,6023141,7440648,5409810,9823013,0.902649313019,0.843287966172,0.959322099171
2020-03-31,1085,5246,,,,,,,277649,216984,350481,4565890,3524945,5949922,7718297,5626794,10173494,0.899029882306,0.841882131208,0.954153673751
2020-04-01,1172,6418,,,,,,,272654,212612,343090,4517190,3504770,5865233,7990951,5839406,10516584,0.896293202632,0.840821965289,0.950516142566
2020-04-02,1503,7921,,,,,,,267510,208033,335904,4463333,3476911,5773731,8258461,6047439,10852488,0.894200060764,0.839671671701,0.947849406801
2020-04-03,1392,9313,,,,,,,262244,203619,329455,4405327,3441818,5678383,8520705,6251058,11181943,0.892576332374,0.838628021969,0.945596212476
2020-04-04,1523,10836,,,,,,,256878,199160,322624,4343734,3400356,5579005,8777583,6450218,11504567,0.891295590115,0.837946227199,0.943858348852
2020-04-05,1590,12426,,,,,,,251445,195067,316236,4279028,3353659,5476613,9029028,6645285,11820803,0.89026614891,0.837318102999,0.94241559731
2020-04-06,1770,14196,,,,,,,245977,190611,309492,4211621,3302128,5371540,9275005,6835896,12130295,0.889421535579,0.836521399066,0.941252109062
2020-04-07,2571,16767,,,,,,,240506,186255,302862,4141811,3246237,5265509,9515511,7022151,12433157,0.888713533968,0.835915460881,0.940436018501
2020-04-08,2146,18913,,,,,,,235064,181806,295999,4069880,3186278,5160498,9750575,7203957,12729156,0.888107135482,0.835416694243,0.939791802813
2020-04-09,2228,21141,,,,,,,229676,177430,289519,3996100,3123073,5056456,9980251,7381387,13018675,0.887576884458,0.834917924781,0.939237963058
2020-04-10,2218,23359,,,,,,,224365,173112,283153,3920763,3057466,4952665,10204616,7554499,13301828,0.887104237678,0.834505330912,0.938719272745
2020-04-11,2119,25478,,,,,,,219148,168967,276920,3844196,2991919,4849994,10423764,7723466,13578748,0.886673373668,0.834177440879,0.938250756695
2020-04-12,1816,27294,,,,,,,214037,164929,270847,3766730,2926686,4748775,10637801,7888395,13849595,0.886277026728,0.833828799178,0.937853956158
2020-04-13,1946,29240,,,,,,,209043,160805,264724,3688667,2861611,4648245,10846844,8049200,14114319,0.885908908937,0.833496797035,0.937512372584
2020-04-14,2455,31695,,,,,,,204168,156785,259061,3610364,2796794,4549246,11051012,8205985,14373380,0.885562431148,0.833147125615,0.937177773648
2020-04-15,2609,34304,,,,,,,199415,152832,253518,3532130,2732647,4452289,11250427,8358817,14626898,0.885240279164,0.832839503443,0.936870559627
2020-04-16,2176,36480,,,,,,,194785,149032,248201,3454261,2669096,4357380,11445212,8507849,14875099,0.884932606431,0.832482680191,0.936573712276
2020-04-17,2093,38573,,,,,,,190275,145377,243062,3377025,2606485,4264510,11635487,8653226,15118161,0.884641475468,0.832222821782,0.93626924054
2020-04-18,1960,40533,,,,,,,185883,141765,238160,3300664,2544682,4173191,11821370,8794991,15356321,0.884364417183,0.831999979601,0.936002236002
2020-04-19,1931,42464,,,,,,,181606,138204,233281,3225392,2483767,4083850,12002976,8933195,15589602,0.884102484932,0.831773061565,0.935713680938
2020-04-20,2186,44650,,,,,,,177441,134694,228615,3151389,2423412,3996254,12180417,9067889,15818217,0.883854941691,0.831530813163,0.935433568774
2020-04-21,2548,47198,,,,,,,173385,131343,223905,3078797,2364145,3910716,12353802,9199232,16042122,0.883622383323,0.831347049355,0.935186601003
2020-04-22,2434,49632,,,,,,,169435,128016,219461,3007725,2305877,3827417,12523237,9327248,16261583,0.883406614028,0.831151575063,0.93494576805
2020-04-23,2466,52098,,,,,,,165588,124668,215158,2938249,2248707,3746700,12688825,9451916,16476741,0.883210804421,0.830975961208,0.934686328184
2020-04-24,2154,54252,,,,,,,161842,121409,210951,2870416,2192643,3668265,12850667,9573325,16687692,0.88303924673,0.830794807491,0.934438135808
2020-04-25,1698,55950,,,,,,,158197,118299,206943,2804248,2137779,3592182,13008864,9691624,16894635,0.882897753792,0.830628426395,0.934222584648
2020-04-26,1329,57279,,,,,,,154650,115162,203038,2739750,2083927,3518413,13163514,9806786,17097673,0.882794656587,0.830485935112,0.933985679143
2020-04-27,1466,58745,,,,,,,151199,112124,199297,2676912,2031079,3446957,13314713,9918910,17296970,0.882740779408,0.830383776331,0.93378287151
2020-04-28,2241,60986,,,,,,,147844,109058,195616,2615714,1979293,3377924,13462557,10027968,17492586,0.882750902075,0.830367032133,0.933704442936
2020-04-29,2521,63507,,,,,,,144586,106141,192025,2556132,1928611,3310950,13607143,10134109,17684611,0.882844750983,0.830308044305,0.933528334537
2020-04-30,2322,65829,,,,,,,141423,103246,188638,2498141,1878993,3246113,13748566,10237355,17873249,0.883048391252,0.830274272585,0.933544366641
2020-05-01,1891,67720,,,,,,,138358,100552,185347,2441714,1830482,3183286,13886924,10337907,18058596,0.883395995217,0.830215228783,0.933399893606
2020-05-02,1692,69412,,,,,,,135390,97883,182220,2386830,1782966,3122454,14022314,10435790,18240816,0.883931738304,0.830395049534,0.933539548258
2020-05-03,1120,70532,,,,,,,132522,95195,179086,2333469,1736376,3063380,14154836,10530985,18419902,0.88471166559,0.830438979896,0.933650204741
2020-05-04,1333,71865,,,,,,,129758,92672,176140,2281621,1690820,3006231,14284594,10623657,18596042,0.885805058812,0.830576941532,0.93408230788
2020-05-05,2318,74183,,,,,,,127101,90264,173265,2231280,1646367,2950868,14411695,10713921,18769307,0.887294494857,0.831025426244,0.935365451637
2020-05-06,2364,76547,,,,,,,124555,87985,170553,2182450,1602988,2897499,14536250,10801906,18939860,0.889273441409,0.831262928304,0.939910788872
2020-05-07,1934,78481,,,,,,,122128,85745,167955,2135143,1560697,2845974,14658378,10887651,19107815,0.891840135479,0.831677966599,0.953031300434
2020-05-08,1747,80228,,,,,,,119825,83601,165491,2089379,1519612,2796286,14778203,10971252,19273306,0.895087196096,0.831870245076,0.969556999374
2020-05-09,1488,81716,,,,,,,117656,81567,163158,2045193,1479758,2748475,14895859,11052819,19436464,0.899088535078,0.832185148459,0.989586023643
2020-05-10,893,82609,,,,,,,115632,79733,161002,2002629,1441181,2702517,15011491,11132552,19597466,0.903888386288,0.832489703871,1.01600022502
2020-05-11,1014,83623,,,,,,,113765,77976,158991,1961744,1403988,2658455,15125256,11210528,19756457,0.909499234497,0.832876100737,1.0482880015
2020-05-12,1627,85250,,,,,,,112069,76349,157168,1922613,1368209,2616316,15237325,11286877,19913625,0.915912196637,0.833700497297,1.07719328615
2020-05-13,1764,87014,,,,,,,110557,74962,155488,1885325,1334113,2576182,15347882,11361839,20069113,0.923114691133,0.834359436472,1.10308312703
2020-05-14,1783,88797,,,,,,,109244,73727,154088,1849984,1301703,2538243,15457126,11435566,20223201,0.931103583309,0.835815814512,1.12643945329
2020-05-15,1681,90478,,,,,,,108148,72646,152943,1816708,1271111,2502545,15565274,11508212,20376144,0.939886071571,0.837970548441,1.14741588048
2020-05-16,1216,91694,,,,,,,107281,71893,152211,1785631,1242465,2469405,15672555,11580105,20528355,0.949472084265,0.840291723621,1.16618366931
2020-05-17,758,92452,,,,,,,106658,71264,151638,1756899,1215860,2438817,15779213,11651369,20679993,0.959866864253,0.843834323115,1.18059761271
2020-05-18,1172,93624,,,,,,,106293,70762,151521,1730670,1191447,2411241,15885506,11722131,20831514,0.971064274095,0.84867979615,1.19475582824
2020-05-19,1552,95176,,,,,,,106198,70426,151672,1707110,1169227,2386756,15991704,11792557,20983186,0.98303170993,0.855272675332,1.22613200464
2020-05-20,1526,96702,,,,,,,106385,70347,152139,1686394,1149338,2365604,16098089,11862904,21135325,0.995682983859,0.864195991751,1.23711912209
2020-05-21,1217,97919,,,,,,,106863,70508,152881,1668702,1131892,2347896,16204952,11933412,21288206,1.00885365552,0.874894198117,1.25162832591
2020-05-22,1244,99163,,,,,,,107643,70773,153999,1654217,1116958,2333898,16312595,12004185,21442205,1.02230332333,0.87569906332,1.25713732271
2020-05-23,1109,100272,,,,,,,108735,71466,155480,1643126,1104866,2323843,16421330,12075651,21597685,1.03575623612,0.875790652347,1.26655396453
2020-05-24,622,100894,,,,,,,110148,72383,157240,1635618,1095727,2317884,16531478,12148034,21754925,1.04896450543,0.87602803375,1.27215949346
2020-05-25,548,101442,,,,,,,111893,73567,159204,1631879,1089604,2316045,16643371,12221601,21914129,1.06176091818,0.876604735329,1.28142333296
2020-05-26,662,102104,,,,,,,113989,75076,161676,1632102,1086754,2318691,16757360,12296677,22075805,1.07407507105,0.878189258074,1.29741106714
2020-05-27,1518,103622,,,,,,,116446,76965,164699,1636479,1087423,2326186,16873806,12373642,22240504,1.08591143815,0.879214565699,1.30602307341
2020-05-28,1178,104800,,,,,,,119271,79045,168346,1645194,1091555,2339005,16993077,12452687,22408850,1.0973089924,0.881476165872,1.31209941896
2020-05-29,1160,105960,,,,,,,122478,81545,172499,1658427,1099426,2357374,17115555,12534232,22581349,1.10830725538,0.883451778739,1.3192146728
2020-05-30,963,106923,,,,,,,126082,84336,176602,1676361,1111164,2380999,17241637,12618568,22757951,1.11896737308,0.886161935644,1.3211723305
2020-05-31,581,107504,,,,,,,130103,87496,181449,1699183,1126803,2410196,17371740,12706064,22939400,1.12932919404,0.890664991911,1.3341985862
2020-06-01,776,108280,,,,,,,134562,91016,187214,1727086,1146594,2445725,17506302,12797080,23126614,1.1394229236,0.897556595464,1.34249613856
2020-06-02,1068,109348,,,,,,,139475,94704,193092,1760268,1170576,2487251,17645777,12891784,23319706,1.14921466496,0.906756210569,1.34862163893
2020-06-03,1007,110355,,,,,,,144864,98827,200041,1798934,1199001,2535551,17790641,12990611,23519747,1.15861950073,0.92012404015,1.35229134097
2020-06-04,1023,111378,,,,,,,150751,103307,207518,1843300,1231977,2590841,17941392,13093918,23727265,1.16749409856,0.929839652469,1.35509133385
2020-06-05,914,112292,,,,,,,157153,108328,215624,1893590,1269815,2653490,18098545,13202246,23942889,1.17570910679,0.936727886484,1.35561362373
2020-06-06,659,112951,,,,,,,164091,113700,224459,1950039,1312752,2723864,18262636,13315946,24167348,1.18316968804,0.941726490182,1.35557227691
2020-06-07,438,113389,,,,,,,171585,119446,234329,2012889,1360733,2802610,18434221,13435392,24401677,1.18978936616,0.949734354417,1.35471399412
2020-06-08,519,113908,,,,,,,179650,125452,244423,2082391,1413795,2889690,18613871,13560844,24646100,1.19553739529,0.958675070858,1.35397094119
2020-06-09,950,114858,,,,,,,188297,132064,255646,2158795,1472276,2986035,18802168,13692908,24901746,1.2003684915,0.970911133437,1.35305309903
2020-06-10,901,115759,,,,,,,197533,139108,267530,2242339,1536298,3091811,18999701,13832016,25169276,1.20427814943,0.986689835905,1.35375616253
2020-06-11,871,116630,,,,,,,207356,146800,279870,2333249,1606124,3206950,19207057,13978816,25449146,1.20727384183,1.00984090546,1.35391763124
2020-06-12,828,117458,,,,,,,217754,154705,293188,2431732,1681776,3331784,19424811,14133521,25742334,1.209351692,1.0370979154,1.35473895114
2020-06-13,759,118217,,,,,,,228708,162892,307477,2537962,1763128,3466762,19653519,14296413,26049811,1.21052574981,1.05753753583,1.3558150899
2020-06-14,308,118525,,,,,,,240182,171649,321962,2652062,1850444,3612136,19893701,14468062,26371773,1.210764422,1.05721091682,1.3552169242
2020-06-15,394,118919,,,,,,,252127,180951,335812,2774086,1943883,3766556,20145828,14649013,26707585,1.21007932875,1.05294425579,1.35628190925
2020-06-16,838,119757,,,,,,,264479,190872,351633,2904004,2043719,3931033,20410307,14839885,27059218,1.208443393,1.04250947567,1.35610331081
2020-06-17,744,120501,,,,,,,277157,200954,366860,3041686,2149958,4104908,20687464,15040839,27426078,1.20585637214,1.03487446249,1.35716877628
2020-06-18,718,121219,,,,,,,290064,210981,382482,3186886,2262099,4287423,20977528,15251820,27808560,1.20232438485,1.02760808707,1.35816328271
2020-06-19,670,121889,,,,,,,303091,221390,397476,3339227,2380166,4477427,21280619,15473210,28206036,1.1978368559,1.01572168243,1.35814288322
2020-06-20,604,122493,,,,,,,316116,231842,413203,3498190,2503681,4675032,21596735,15705052,28619239,1.19240951669,1.00475413573,1.35803050886
2020-06-21,285,122778,,,,,,,329007,242963,428412,3663105,2632931,4878984,21925742,15948015,29047651,1.18605280876,0.996496108395,1.3576989411
2020-06-22,389,123167,,,,,,,341632,253533,443230,3833152,2767000,5087822,22267374,16201548,29490881,1.17886377931,0.987417157385,1.35696003709
2020-06-23,847,124014,,,,,,,353863,264264,457463,4007365,2905795,5300773,22621237,16465812,29948344,1.17096605086,0.982633087846,1.35557035528
2020-06-24,759,124773,,,,,,,365583,275310,469884,4184650,3049035,5514951,22986820,16741122,30418228,1.16250317049,0.977461277505,1.35425674601
2020-06-25,551,125324,,,,,,,376689,285585,482532,4363806,3195514,5729937,23363509,17026707,30900760,1.15362714891,0.973136537515,1.35328985215
2020-06-26,617,125941,,,,,,,387099,294044,495749,4543550,3342772,5945835,23750608,17320751,31396509,1.14445638036,0.966045388005,1.35282909367
2020-06-27,504,126445,,,,,,,396749,302592,507331,4722545,3490680,6160007,24147357,17623343,31903840,1.135118502,0.955539014416,1.35174430911
2020-06-28,273,126718,,,,,,,405595,310948,516449,4899433,3638792,6369033,24552952,17934291,32420289,1.1257100358,0.949339054653,1.35031918125
2020-06-29,377,127095,,,,,,,413611,317461,524648,5072861,3784649,6571818,24966563,18251752,32944937,1.1163155954,0.940776638264,1.34746548719
2020-06-30,625,127720,,,,,,,420787,323644,533708,5241521,3927386,6769808,25387350,18575396,33478645,1.10699093461,0.93934219701,1.34557461432
2020-07-01,694,128414,,,,,,,427129,329647,540416,5404171,4066198,6958682,25814479,18905043,34019061,1.09775027909,0.937464652113,1.34228165556
2020-07-02,727,129141,,,,,,,432653,335334,546561,5559667,4200627,7138471,26247132,19240377,34565622,1.08859085273,0.933527665489,1.33683802878
2020-07-03,660,129801,,,,,,,437383,339708,551595,5706985,4329370,7307632,26684515,19580085,35117217,1.07948990272,0.929767274146,1.32940638108
2020-07-04,265,130066,,,,,,,441349,343483,555174,5845243,4451465,7465348,27125864,19923568,35672391,1.0704462359,0.926493864797,1.32032807782
2020-07-05,288,130354,,,,,,,444585,347222,559303,5973712,4566810,7611450,27570449,20270790,36231694,1.06148698727,0.920016982365,1.31024993205
2020-07-06,355,130709,,,,,,,447128,349484,561913,6091834,4673297,7744938,28017577,20620274,36793607,1.0526704162,0.916080307685,1.30152613267
2020-07-07,1222,131931,,,,,,,449018,350748,564058,6199220,4770466,7865748,28466595,20971022,37357665,1.04407223308,0.914050867086,1.29025468042
2020-07-08,863,132794,,,,,,,450293,352439,565811,6295651,4858579,7974075,28916888,21323461,37923476,1.03577380438,0.910225592787,1.28076114022
2020-07-09,1003,133797,,,,,,,450993,353347,565528,6381061,4936589,8069682,29367881,21676808,38489004,1.0278487063,0.907590315186,1.27281064685
2020-07-10,824,134621,,,,,,,451156,353898,565087,6455529,5004896,8152223,29819037,22030706,39054091,1.02035587216,0.906833534218,1.26300690835
2020-07-11,690,135311,,,,,,,450817,354352,565075,6519247,5065188,8221565,30269854,22385058,39619166,1.01334281366,0.905066359385,1.25326239724
2020-07-12,459,135770,,,,,,,450010,354268,565417,6572508,5116846,8279669,30719864,22739326,40184583,1.00684369806,0.900419898969,1.24026999239
2020-07-13,367,136137,,,,,,,448768,353033,564188,6615681,5158905,8327414,31168632,23092359,40748771,1.0008737618,0.897334750976,1.22600510426
2020-07-14,926,137063,,,,,,,447120,351460,563025,6649190,5192865,8365781,31615752,23443819,41311796,0.995426062059,0.896651749006,1.20839695048
2020-07-15,968,138031,,,,,,,445099,350123,560654,6673502,5219301,8392733,32060851,23793942,41872450,0.990475749278,0.89574923174,1.19462629948
2020-07-16,943,138974,,,,,,,442733,348024,558045,6689106,5237640,8410370,32503584,24141966,42430495,0.985989788868,0.894840748525,1.18057696569
2020-07-17,930,139904,,,,,,,440052,345193,555072,6696505,5247473,8418895,32943636,24487159,42985567,0.981935297845,0.893679588948,1.16681125294
2020-07-18,868,140772,,,,,,,437082,341692,552705,6696205,5249427,8420052,33380718,24828851,43538272,0.978282214744,0.892527826401,1.14998369185
2020-07-19,447,141219,,,,,,,433851,338278,549425,6688707,5244206,8414362,33814569,25167129,44087697,0.975001682944,0.891918291757,1.13355443279
2020-07-20,514,141733,,,,,,,430382,334979,545902,6674503,5231937,8401016,34244951,25502108,44633599,0.972063946382,0.889082544637,1.12098553865
2020-07-21,1107,142840,,,,,,,426698,331983,542279,6654072,5214413,8381425,34671649,25834091,45175878,0.969437802065,0.886280908758,1.10072303199
2020-07-22,1216,144056,,,,,,,422819,328633,538999,6627874,5192282,8356409,35094468,26162724,45714877,0.967091280926,0.880847362711,1.0709423274
2020-07-23,1094,145150,,,,,,,418766,324661,535239,6596346,5164484,8325867,35513234,26487385,46250116,0.964992642275,0.878128419962,1.05662512859
2020-07-24,1132,146282,,,,,,,414556,320536,531349,6559909,5131653,8291700,35927790,26807921,46781465,0.963111336031,0.877625048518,1.05015091867
2020-07-25,899,147181,,,,,,,410208,316441,527568,6518960,5094178,8254180,36337998,27124362,47309033,0.961418976598,0.877019091967,1.04472564765
2020-07-26,472,147653,,,,,,,405737,312103,523465,6473880,5051923,8212566,36743735,27436465,47832498,0.959890287548,0.875390557771,1.04030972539
2020-07-27,1120,148773,,,,,,,401159,307405,518723,6425028,5005046,8165884,37144894,27743870,48351221,0.958503788466,0.874958538892,1.03792449885
2020-07-28,1374,150147,,,,,,,396488,302637,514251,6372749,4954615,8115967,37541382,28046507,48865472,0.957241971036,0.874286249683,1.03548383326
2020-07-29,1432,151579,,,,,,,391737,297860,509602,6317366,4900958,8062588,37933119,28344367,49375074,0.956090863845,0.873862099407,1.03112024316
2020-07-30,1209,152788,,,,,,,386919,293115,505916,6259187,4843883,8007886,38320038,28637482,49880990,0.955039117519,0.873455233666,1.02846160807
2020-07-31,1243,154031,,,,,,,382044,288065,501370,6198497,4783873,7951237,38702082,28925547,50382360,0.954076925314,0.873063298221,1.02748450085
2020-08-01,1115,155146,,,,,,,377122,283349,497231,6135568,4721980,7893409,39079204,29208896,50879591,0.953195124453,0.872684604489,1.02581748988
2020-08-02,403,155549,,,,,,,372164,278585,492408,6070649,4658832,7833114,39451368,29487481,51371999,0.952384691599,0.872317922359,1.02512286864
2020-08-03,530,156079,,,,,,,367177,273502,488113,6003976,4594031,7771813,39818545,29760983,51860112,0.951636647936,0.87196233785,1.02438796608
2020-08-04,1378,157457,,,,,,,362171,268204,483073,5935765,4527236,7708973,40180716,30029187,52343185,0.950942242638,0.871617155393,1.02376474549
2020-08-05,1376,158833,,,,,,,357153,263084,478256,5866220,4458325,7644947,40537869,30292271,52821441,0.950293240836,0.871281830678,1.02313864823
2020-08-06,1253,160086,,,,,,,352130,257935,473300,5795531,4387623,7579249,40889999,30550206,53294741,0.949682181141,0.870955924466,1.0225096306
2020-08-07,1242,161328,,,,,,,347108,252763,468742,5723873,4315728,7512747,41237107,30802969,53763483,0.949102535617,0.870639070825,1.02182682049
2020-08-08,1077,162405,,,,,,,342094,247703,463995,5651411,4242908,7445403,41579201,31050672,54227478,0.948548761979,0.870330955314,1.02122833967
2020-08-09,511,162916,,,,,,,337094,242581,459374,5578297,4169066,7377201,41916295,31293253,54686852,0.948016269503,0.870031300029,1.02062178472
2020-08-10,527,163443,,,,,,,332113,237462,454610,5504673,4094445,7308354,42248408,31530715,55141462,0.947501329954,0.869739853343,1.02000962621
2020-08-11,1064,164507,,,,,,,327155,232347,449870,5430668,4019405,7239504,42575563,31763062,55591332,0.94700096198,0.869456382847,1.01939484386
2020-08-12,1505,166012,,,,,,,322224,227470,444949,5356404,3944255,7170211,42897787,31990532,56036281,0.946512809632,0.869180670489,1.01872494739
2020-08-13,1070,167082,,,,,,,317326,222774,440472,5281993,3869184,7101089,43215113,32213306,56476753,0.946035027737,0.868879932576,1.01809727834
2020-08-14,1338,168420,,,,,,,312462,218058,435806,5207536,3794136,7030975,43527575,32431364,56912559,0.945566180555,0.868465804316,1.01755501663
2020-08-15,1034,169454,,,,,,,307637,213308,431269,5133129,3719382,6960875,43835212,32644672,57343828,0.945105155965,0.868969839755,1.01690336288
2020-08-16,571,170025,,,,,,,302853,208820,426504,5058859,3644846,6890155,44138065,32853492,57770332,0.944651094935,0.868584154888,1.01620161187
2020-08-17,446,170471,,,,,,,298113,204242,422183,4984808,3570493,6819935,44436178,33057734,58192515,0.944203334782,0.867338109909,1.0154538843
2020-08-18,1325,171796,,,,,,,293419,199833,417851,4911049,3496812,6749680,44729597,33257567,58610366,0.94376136423,0.867017186494,1.01484074298
2020-08-19,1353,173149,,,,,,,288772,195407,413673,4837651,3424002,6680284,45018369,33452974,59024039,0.943324788216,0.866661235924,1.01409296518
2020-08-20,1079,174228,,,,,,,284176,191133,409149,4764674,3352039,6611186,45302545,33644107,59433188,0.942893300565,0.866347291402,1.01337737242
2020-08-21,1105,175333,,,,,,,279630,186931,404445,4692175,3281023,6542343,45582175,33831038,59837633,0.942466662902,0.866120312825,1.01269136035
2020-08-22,982,176315,,,,,,,275137,182753,399897,4620203,3211001,6473513,45857312,34013791,60237530,0.942044688464,0.865899690371,1.01204903777
2020-08-23,450,176765,,,,,,,270696,178707,395563,4548805,3141999,6405105,46128008,34192498,60633093,0.941627229705,0.865685256175,1.01154411399
2020-08-24,442,177207,,,,,,,266575,174898,391654,4478286,3074307,6337416,46394583,34367396,61024747,0.942142787494,0.868634951383,1.01167085231
2020-08-25,1239,178446,,,,,,,262500,171227,387746,4408673,3008066,6270587,46657083,34538623,61412493,0.942665402797,0.870823150278,1.01173140742
2020-08-26,1225,179671,,,,,,,258485,167633,383672,4340004,2943345,6204416,46915568,34706256,61796165,0.943194608703,0.872825006107,1.01320214647
2020-08-27,1111,180782,,,,,,,254543,164086,379691,4272322,2879955,6139175,47170111,34870342,62175856,0.943730357573,0.873499894877,1.01390364012
2020-08-28,971,181753,,,,,,,250699,160609,376041,4205695,2817783,6074759,47420810,35030951,62551897,0.944272592016,0.874332453473,1.01501795656
2020-08-29,958,182711,,,,,,,246979,157337,372650,4140212,2757054,6011614,47667789,35188288,62924547,0.94482124198,0.874585267576,1.01624113825
2020-08-30,310,183021,,,,,,,243362,154055,369480,4075937,2697793,5949841,47911151,35342343,63294027,0.945376201709,0.874374416645,1.0183100208
2020-08-31,573,183594,,,,,,,239831,150949,365960,4012916,2639914,5889310,48150982,35493292,63659987,0.945937325717,0.87290857675,1.02051756872
2020-09-01,1067,184661,,,,,,,236387,147677,363018,3951191,2583344,5830161,48387369,35640969,64023005,0.946504503075,0.874186500304,1.02278919037
2020-09-02,1056,185717,,,,,,,233030,144479,359644,3890802,2527987,5771971,48620399,35785448,64382649,0.947077649127,0.87406572941,1.02472398343
2020-09-03,1070,186787,,,,,,,229767,141725,355860,3831796,2474302,5714172,48850166,35927173,64738509,0.947656680002,0.873097382173,1.02723562042
2020-09-04,,,828.703187538,606,1123,187615.703188,187393,187910,226599,138921,352547,3774220,2422086,5657578,49076765,36066094,65091056,0.948241510366,0.872458361232,1.02940349759
2020-09-05,,,817.551190946,595,1113,188433.254378,187988,189023,223521,136245,349712,3718110,2371397,5602852,49300286,36202339,65440768,0.948832039281,0.872360548254,1.0316754196
2020-09-06,,,806.358650001,583,1103,189239.613028,188571,190125,220529,133565,346517,3663502,2322206,5549472,49520815,36335904,65787285,0.949428165785,0.870951532231,1.03347935985
2020-09-07,,,795.142396946,571,1093,190034.755425,189143,191217,217623,130882,343514,3610429,2274378,5497423,49738438,36466786,66130799,0.950029794511,0.87019340537,1.03550932328
2020-09-08,,,783.917989043,560,1081,190818.673414,189704,192298,214803,128124,340499,3558657,2227605,5446264,49953241,36594910,66471298,0.950636833113,0.870902645719,1.03812864571
2020-09-09,,,772.702404451,549,1071,191591.375819,190253,193369,212070,125556,337979,3508227,2181938,5396492,50165311,36720466,66809277,0.951249188756,0.870775736999,1.04032525777
2020-09-10,,,761.513495698,537,1061,192352.889315,190791,194429,209424,123234,335660,3459166,2137546,5348473,50374735,36843700,67144937,0.95186676416,0.870347098341,1.04255531541
2020-09-11,,,750.369682093,526,1051,193103.258997,191317,195479,206861,120945,333635,3411484,2094412,5302406,50581596,36964645,67478572,0.952489458824,0.870186785795,1.04467966402
2020-09-12,,,739.289847788,515,1040,193842.548845,191832,196519,204382,118557,331929,3365168,2052366,5258280,50785978,37083202,67810501,0.953117171462,0.869338436449,1.04705597242
2020-09-13,,,728.29090574,504,1030,194570.83975,192337,197548,201986,116132,330705,3320176,2011168,5216311,50987964,37199334,68141206,0.953749800323,0.868474606233,1.04959530537
2020-09-14,,,717.386191412,494,1020,195288.225942,192831,198567,199673,113943,328969,3276487,1971062,5175776,51187637,37313277,68470175,0.954387242516,0.866761978261,1.05198455482
2020-09-15,,,706.589161557,483,1009,195994.815103,193315,199576,197443,111813,326604,3234098,1931929,5136396,51385080,37425090,68796779,0.95502939266,0.865340137003,1.05469562732
2020-09-16,,,695.913267046,473,999,196690.72837,193788,200575,195294,109777,324781,3193005,1894032,5098143,51580374,37534867,69121560,0.955676142484,0.864012184654,1.05708757895
2020-09-17,,,685.371606785,463,989,197376.099977,194252,201563,193226,107621,322933,3153202,1857177,5061420,51773600,37642488,69444493,0.956327381195,0.862717876264,1.0603043993
2020-09-18,,,674.976282045,454,979,198051.076259,194707,202542,191240,105673,321469,3114675,1821128,5027020,51964840,37748161,69765962,0.956982995732,0.86187565911,1.06282850134
2020-09-19,,,664.735617039,444,969,198715.811876,195151,203510,189334,103798,320434,3077410,1786006,4994898,52154174,37851959,70086396,0.957642870648,0.861152377499,1.06413214544
2020-09-20,,,654.657864123,434,960,199370.46974,195586,204470,187509,101844,319911,3041398,1751607,4965091,52341683,37953803,70406307,0.958306887681,0.859975360353,1.06715043834
2020-09-21,,,644.751272361,425,951,200015.221013,196012,205420,185763,99969,319369,3006632,1718009,4937938,52527446,38053772,70725676,0.958974925376,0.858079885802,1.07008553634
2020-09-22,,,635.023962061,416,941,200650.244975,196428,206360,184098,98327,318429,2973108,1685447,4912857,52711544,38152099,71044105,0.959646858943,0.856329165412,1.07337419685
2020-09-23,,,625.483551055,407,932,201275.728526,196836,207292,182513,96514,318275,2940818,1653833,4890639,52894057,38248613,71362380,0.9603225602,0.854324654691,1.07632847445
2020-09-24,,,616.13152453,399,923,201891.86005,197236,208214,181008,94590,319069,2909756,1622864,4871741,53075065,38343203,71681449,0.961001897444,0.852329439175,1.07866807822
2020-09-25,,,606.970022339,391,914,202498.830073,197628,209127,179582,92857,319584,2879914,1592485,4855685,53254647,38436060,72001033,0.961684735217,0.850904678526,1.08058933508
2020-09-26,,,598.001648587,383,905,203096.831721,198011,210031,178237,91116,319917,2851290,1562654,4841987,53432884,38527176,72320950,0.962370934026,0.849182649049,1.083505056
2020-09-27,,,589.229146053,375,896,203686.060867,198386,210926,176972,89421,320159,2823880,1533516,4830231,53609856,38616597,72641109,0.963060350089,0.847426524367,1.08672917507
2020-09-28,,,580.654823483,367,887,204266.715691,198754,211813,175787,88073,320647,2797680,1505457,4820177,53785643,38704670,72961756,0.963752835127,0.845607727952,1.08995123046
2020-09-29,,,572.279916129,359,880,204838.995607,199114,212692,174683,86694,321475,2772689,1478205,4812677,53960326,38791364,73283231,0.964448236138,0.843796485527,1.09317052867
2020-09-30,,,564.105187263,352,872,205403.100794,199466,213564,173659,85286,322790,2748906,1451676,4808844,54133985,38876650,73606021,0.965146395143,0.841992689418,1.09691747851
2020-10-01,,,556.131369794,344,864,205959.232164,199811,214427,172718,83694,324305,2726330,1425589,4808340,54306703,38960344,73930326,0.96585283925,0.840196232173,1.1011396757
2020-10-02,,,548.359204247,338,855,206507.591368,200150,215281,171859,82206,326217,2704962,1400170,4811572,54478562,39042550,74256543,0.966564562575,0.83847389305,1.10324968758
2020-10-03,,,540.789419734,331,848,207048.380788,200482,216128,171082,80902,328848,2684805,1375395,4818898,54649644,39123452,74585391,0.967278699392,0.836687886695,1.10534539639
2020-10-04,,,533.422411938,325,841,207581.8032,200807,216967,170389,79734,331625,2665860,1351328,4830042,54820033,39203186,74917016,0.967998650312,0.834908914884,1.10984210759
2020-10-05,,,526.258303642,318,833,208108.061503,201126,217800,169780,78442,334586,2648131,1327926,4844668,54989813,39281628,75251602,0.968726716957,0.83313687235,1.11318693807
2020-10-06,,,519.297083443,312,826,208627.358587,201439,218625,169257,77137,337132,2631625,1305093,4862391,55159070,39358765,75588734,0.96945834356,0.831371654617,1.1165276673
2020-10-07,,,512.5386936,305,820,209139.897281,201745,219444,168819,75749,339547,2616345,1282516,4883485,55327889,39434514,75928281,0.970191394352,0.829769368905,1.11986346769
2020-10-08,,,505.983051214,299,814,209645.880332,202045,220257,168468,74634,342609,2602300,1260638,4907820,55496357,39509148,76270890,0.970926284581,0.828240170514,1.123193467
2020-10-09,,,499.629883266,293,809,210145.510215,202338,221065,168206,73470,346964,2589498,1239521,4935727,55664563,39582618,76617854,0.971669815455,0.827082060172,1.12698218818
2020-10-10,,,493.478723692,287,805,210638.988939,202627,221869,168033,72215,351009,2577949,1218883,4967172,55832596,39654833,76968863,0.972422913949,0.825671771109,1.13050738658
2020-10-11,,,487.528948988,282,801,211126.517888,202909,222668,167951,71030,355010,2567663,1198798,5002287,56000547,39725863,77323873,0.973179648643,0.825094836318,1.13402612566
2020-10-12,,,481.779813134,276,796,211608.297701,203186,223462,167961,70112,359305,2558652,1179490,5041451,56168508,39795975,77683178,0.973937767649,0.824451126251,1.13759021159
2020-10-13,,,476.230580253,271,791,212084.528281,203458,224252,168065,69150,364489,2550931,1160567,5085309,56336573,39865125,78047667,0.9746998588,0.823774424716,1.14105401084
2020-10-14,,,470.880614551,266,786,212555.408896,203725,225036,168265,68140,370377,2544513,1142011,5134234,56504838,39933265,78418044,0.975468009443,0.823100411007,1.14450672335
2020-10-15,,,465.729235769,261,782,213021.138131,203987,225817,168562,67173,376699,2539416,1123896,5188166,56673400,40000438,78794743,0.976258007656,0.822868757698,1.14794705228
2020-10-16,,,460.775732544,256,778,213481.913864,204244,226593,168959,66230,383257,2535657,1106429,5247137,56842359,40066668,79178000,0.977053444463,0.822288691514,1.15130384913
2020-10-17,,,456.019397029,251,775,213937.933261,204496,227366,169456,65230,390311,2533254,1089451,5311235,57011815,40131898,79568311,0.977848606925,0.821160066367,1.1552006431
2020-10-18,,,451.459573375,246,773,214389.392834,204743,228137,170058,64282,397097,2532230,1072828,5379486,57181873,40196180,79965408,0.978643368582,0.82078608677,1.15871066021
2020-10-19,,,447.095804531,242,771,214836.488639,204986,228906,170764,63357,404094,2532605,1056448,5451957,57352637,40259537,80369502,0.97944067,0.820719859852,1.16238619808
2020-10-20,,,442.92769776,238,769,215279.416337,205225,229674,171580,62528,411326,2534404,1040530,5528694,57524217,40322065,80780828,0.980241814602,0.820739647573,1.16561501886
2020-10-21,,,438.954927208,233,767,215718.371264,205459,230439,172506,61686,418536,2537654,1025076,5610089,57696723,40383751,81199364,0.981045790683,0.819737923857,1.16916414874
2020-10-22,,,435.177246732,229,769,216153.548511,205689,231206,173546,60871,426398,2542381,1010197,5696930,57870269,40444622,81625762,0.981865339523,0.819536649002,1.1720313493
2020-10-23,,,431.594520798,225,770,216585.143031,205915,231973,174703,60078,435998,2548616,995639,5790302,58044972,40504700,82061760,0.982685022283,0.819339994954,1.17592516633
2020-10-24,,,428.206992099,221,770,217013.350023,206137,232742,175979,59395,445388,2556388,981563,5888720,58220951,40564095,82507148,0.983502971233,0.818648357247,1.17875750608
2020-10-25,,,425.015021046,217,772,217438.365045,206355,233511,177378,58680,455046,2565733,968028,5992759,58398329,40622775,82962194,0.984319488879,0.817510363179,1.18198032887
2020-10-26,,,422.019096077,213,772,217860.384141,206569,234281,178903,57975,465725,2576685,954974,6103472,58577232,40680750,83427919,0.985137442242,0.817310311177,1.18494721567
2020-10-27,,,419.219849412,209,774,218279.60399,206779,235052,180557,57256,476266,2589281,942118,6220434,58757789,40738006,83904185,0.985950610203,0.816750946595,1.18847063258
2020-10-28,,,416.618091934,206,777,218696.222082,206986,235827,182346,56609,486694,2603561,929577,6342643,58940135,40794615,84390879,0.986760560137,0.816560690815,1.1918845593
2020-10-29,,,414.214852241,202,781,219110.436934,207189,236605,184271,55971,497982,2619567,917408,6470260,59124406,40850586,84888861,0.98757007669,0.816305331227,1.19521956062
2020-10-30,,,412.011363487,199,784,219522.448298,207389,237387,186337,55350,508879,2637341,905586,6602447,59310743,40905936,85397740,0.988379262002,0.815684562113,1.19855531568
2020-10-31,,,410.009052155,196,789,219932.45735,207586,238172,188549,54809,522187,2656931,894167,6741381,59499292,40960745,85919927,0.989181824488,0.814810579243,1.20181453291
2020-11-01,,,408.20953578,192,795,220340.666886,207779,238963,190910,54222,536651,2678385,883162,6887733,59690202,41014967,86456578,0.98997868747,0.814771200091,1.20503408973
