date,actual_deaths,total_deaths,predicted_deaths_mean,predicted_deaths_lower,predicted_deaths_upper,predicted_total_deaths_mean,predicted_total_deaths_lower,predicted_total_deaths_upper,predicted_new_infected_mean,predicted_new_infected_lower,predicted_new_infected_upper,predicted_current_infected_mean,predicted_current_infected_lower,predicted_current_infected_upper,predicted_total_infected_mean,predicted_total_infected_lower,predicted_total_infected_upper,r_values_mean,r_values_lower,r_values_upper
2020-02-05,0,0,,,,,,,126,66,178,126,66,178,126,66,178,2.26467509652,2.1,2.4
2020-02-06,0,0,,,,,,,126,66,178,252,132,356,252,132,356,2.2646657674,2.09998940004,2.39999969787
2020-02-07,0,0,,,,,,,126,66,178,377,197,534,378,198,534,2.26466260973,2.09998591383,2.39999953718
2020-02-08,0,0,,,,,,,126,66,178,503,264,712,504,264,712,2.26465837096,2.0999812799,2.39999929028
2020-02-09,0,0,,,,,,,287,163,405,790,442,1103,791,427,1117,2.26465267603,2.09997512,2.39999891125
2020-02-10,0,0,,,,,,,287,163,405,1077,611,1502,1078,590,1522,2.26464501781,2.09996693114,2.3999983296
2020-02-11,0,0,,,,,,,287,163,405,1364,777,1904,1365,753,1927,2.26463470981,2.09995604441,2.3999974368
2020-02-12,0,0,,,,,,,287,163,405,1651,943,2307,1652,916,2332,2.26462082155,2.09994179846,2.39999613996
2020-02-13,0,0,,,,,,,461,279,649,2111,1240,2934,2113,1195,2981,2.26460209037,2.0999219619,2.39999422886
2020-02-14,0,0,,,,,,,671,408,940,2782,1653,3868,2784,1603,3921,2.26454715208,2.0998604804,2.39996748534
2020-02-15,0,0,,,,,,,1210,747,1631,3992,2454,5460,3994,2350,5552,2.26450926361,2.09981863564,2.39996024673
2020-02-16,0,0,,,,,,,2407,1465,3097,6399,4048,8495,6401,3815,8649,2.26445091366,2.09975700002,2.39994355532
2020-02-17,0,0,,,,,,,3890,2517,4926,10288,6697,13333,10291,6332,13575,2.26437619218,2.09967905777,2.39992378102
2020-02-18,0,0,,,,,,,4306,2826,5460,14594,9563,18765,14597,9158,19035,2.26427821908,2.09957824509,2.39989913896
2020-02-19,0,0,,,,,,,5057,3376,6407,19651,13000,25125,19654,12534,25442,2.26414793564,2.0994462218,2.39986626375
2020-02-20,0,0,,,,,,,5198,3478,6603,24723,16423,31539,24852,16012,32045,2.2639722254,2.0992707253,2.3998205896
2020-02-21,0,0,,,,,,,5728,3899,7269,30325,20279,38609,30580,19911,39314,2.26373362979,2.09903698147,2.39975592735
2020-02-22,0,0,,,,,,,6805,4708,8642,37004,24970,47036,37385,24619,47956,2.26341224872,2.09872812641,2.39966398866
2020-02-23,0,0,,,,,,,8148,5734,10327,45026,30731,57110,45533,30353,58283,2.26297938952,2.09832607432,2.39952321576
2020-02-24,0,0,,,,,,,10365,7291,13210,55104,37939,69857,55898,37644,71493,2.2623939394,2.09779269061,2.39933273758
2020-02-25,0,0,,,,,,,16267,10865,20691,71084,48818,90028,72165,48509,92184,2.26159936517,2.09710303929,2.39905993866
2020-02-26,0,0,,,,,,,19649,13357,25070,90447,62055,114656,91814,61866,117254,2.2605177948,2.09623448374,2.39866571952
2020-02-27,0,0,,,,,,,21428,14457,27586,111588,76362,141823,113242,76323,144840,2.25904379247,2.09511148759,2.39807386099
2020-02-28,0,0,,,,,,,26029,17396,33833,137156,93477,175003,139271,93719,178673,2.25703232131,2.09366415319,2.39726239572
2020-02-29,1,1,,,,,,,31851,20706,42060,168337,113784,216082,171122,114425,220733,2.25428332145,2.09161405909,2.39603874138
2020-03-01,0,1,,,,,,,41390,26321,55314,208517,139419,269648,212512,140746,276047,2.25052215933,2.0886567006,2.39419915154
2020-03-02,5,6,,,,,,,51488,32426,69463,257598,170484,335861,264000,173172,345510,2.2453739367,2.08473162632,2.39147558537
2020-03-03,1,7,,,,,,,63894,40064,86869,317602,208125,417659,327894,213236,432379,2.23833094943,2.07954072479,2.38744103591
2020-03-04,4,11,,,,,,,78449,48534,107675,391745,253935,519706,406343,261770,540054,2.22871207836,2.07251262537,2.38146744172
2020-03-05,1,12,,,,,,,98123,59992,135834,484811,310656,648931,504466,321762,675888,2.21561689715,2.06340863266,2.3728272171
2020-03-06,2,14,,,,,,,120274,72835,167970,599887,380121,810069,624740,394597,843858,2.19788210673,2.04966968072,2.3607544633
2020-03-07,3,17,,,,,,,145328,88176,203681,739487,464482,1006304,770068,482773,1047539,2.17405549453,2.02838597459,2.34226117746
2020-03-08,4,21,,,,,,,172714,106147,240565,905396,565913,1238135,942782,588920,1288104,2.14241558059,1.99899266958,2.3151386839
2020-03-09,1,22,,,,,,,201677,127275,276297,1098925,687330,1504137,1144459,716195,1564401,2.1010791736,1.9436019498,2.27981539378
2020-03-10,6,28,,,,,,,231137,152324,312444,1319697,832110,1803509,1375596,868519,1876845,2.04824488798,1.8682691093,2.25849670429
2020-03-11,5,33,,,,,,,257341,174032,344059,1560772,995237,2126818,1632937,1042551,2220904,1.98259519933,1.78389895367,2.21791554945
2020-03-12,10,43,,,,,,,278741,189529,371605,1819863,1171280,2473370,1911678,1232080,2592509,1.90380133143,1.68939736264,2.18383518382
2020-03-13,8,51,,,,,,,295172,203895,391222,2093607,1360608,2836962,2206850,1435975,2983731,1.81296341493,1.57123519415,2.11613777068
2020-03-14,7,58,,,,,,,306460,211411,402370,2374038,1554547,3205413,2513310,1647386,3386101,1.71276242199,1.45782300631,2.04597361826
2020-03-15,12,70,,,,,,,313955,217679,413180,2656141,1751587,3576363,2827265,1865065,3799281,1.607193054,1.33782309201,1.97749452994
2020-03-16,27,97,,,,,,,318115,222849,423626,2932866,1948328,3944444,3145380,2087914,4222907,1.50094579308,1.21944250125,1.89161675524
2020-03-17,35,132,,,,,,,319832,227207,428483,3201211,2143485,4303205,3465212,2315121,4651390,1.39865563258,1.12498992767,1.78493087937
2020-03-18,59,191,,,,,,,319962,231212,428992,3457279,2335246,4645000,3785174,2546333,5080382,1.30424542259,1.0524188199,1.66657292723
2020-03-19,73,264,,,,,,,319019,233924,426318,3697849,2521538,4963140,4104193,2780257,5506700,1.22050095089,1.00173987433,1.54540094744
2020-03-20,99,363,,,,,,,317467,236217,424372,3917194,2698936,5250975,4421660,3016474,5931072,1.14890907904,0.965465661807,1.4434905358
2020-03-21,99,462,,,,,,,315407,237407,420948,4112327,2864882,5503171,4737067,3253881,6352020,1.08972667828,0.939468112291,1.34233416257
2020-03-22,110,572,,,,,,,312930,238682,417230,4279929,3016899,5715994,5049997,3492563,6769250,1.04222321878,0.922570607103,1.2582754547
2020-03-23,189,761,,,,,,,310161,238767,411705,4417377,3151139,5886438,5360158,3731330,7180955,1.00502207137,0.90200014217,1.18640815305
2020-03-24,239,1000,,,,,,,307136,238368,404397,4522836,3263812,6013686,5667294,3969698,7585352,0.97645049641,0.882756379684,1.12436629804
2020-03-25,324,1324,,,,,,,303883,235622,397042,4595581,3348330,6097273,5971177,4205320,7982394,0.954820581434,0.869424041586,1.07204161713
2020-03-26,408,1732,,,,,,,300390,233986,390269,4638630,3409359,6142542,6271567,4439306,8372663,0.938605790763,0.860243083682,1.03424113195
2020-03-27,518,2250,,,,,,,296640,232199,383889,4656530,3452693,6153955,6568207,4671505,8756552,0.926521063375,0.853705232784,1.00469795828
2020-03-28,633,2883,,,,,,,292635,228670,376628,4653992,3477548,6138540,6860842,4900175,9133180,0.917535972151,0.849236683499,0.983634117806
2020-03-29,586,3469,,,,,,,288410,224792,369228,4635943,3490324,6104675,7149252,5124967,9502408,0.910851374442,0.845707911702,0.97152345226
2020-03-30,692,4161,,,,,,,283914,220594,362152,4605902,3492065,6053230,7433166,5345561,9864560,0.905861533465,0.843292218416,0.96235123304
2020-03-31,1085,5246,,,,,,,279198,216200,355219,4566985,3483772,5984973,7712364,5561761,10219779,0.902114443277,0.84160097403,0.956944866923
2020-04-01,1172,6418,,,,,,,274279,211898,347813,4521432,3466682,5904964,7986643,5773659,10567592,0.899276364113,0.840379581243,0.952591494939
2020-04-02,1503,7921,,,,,,,269185,207404,340902,4470654,3441205,5817834,8255828,5981063,10908494,0.897102598034,0.839484361165,0.949039792994
2020-04-03,1392,9313,,,,,,,263944,203338,334302,4415579,3409144,5726872,8519772,6184401,11242796,0.895414530075,0.838347092924,0.946503592153
2020-04-04,1523,10836,,,,,,,258586,198834,327489,4356698,3370480,5631096,8778358,6383235,11570285,0.894082124159,0.837442662964,0.944495138235
2020-04-05,1590,12426,,,,,,,253144,194217,320935,4294434,3326286,5532260,9031502,6577452,11891220,0.893010834759,0.836857071855,0.943154372698
2020-04-06,1770,14196,,,,,,,247655,189755,314375,4229159,3276671,5430709,9279157,6767207,12205595,0.892131944465,0.836338901308,0.941695677118
2020-04-07,2571,16767,,,,,,,242156,185244,307498,4161154,3222720,5327747,9521313,6952451,12513093,0.891395489874,0.835755052865,0.940919966481
2020-04-08,2146,18913,,,,,,,236679,180941,300771,4090697,3165025,5225090,9757992,7133392,12813864,0.890765110032,0.835158024001,0.940231404132
2020-04-09,2228,21141,,,,,,,231254,176787,294321,4018069,3105958,5123108,9989246,7310179,13108185,0.890214307266,0.834729685267,0.939617774841
2020-04-10,2218,23359,,,,,,,225905,172481,287656,3943583,3044294,5021064,10215151,7482660,13395841,0.889723738286,0.834252348783,0.939142452755
2020-04-11,2119,25478,,,,,,,220650,168304,280811,3867593,2980282,4918406,10435801,7650964,13676652,0.889276647985,0.833937082807,0.938687923153
2020-04-12,1816,27294,,,,,,,215502,164187,274552,3790460,2915709,4816597,10651303,7815151,13951204,0.888866181671,0.833468231772,0.93834405804
2020-04-13,1946,29240,,,,,,,210472,160339,268384,3712522,2851187,4715922,10861775,7975490,14219588,0.888484136861,0.833128149122,0.93792462087
2020-04-14,2455,31695,,,,,,,205563,156467,262184,3634172,2787026,4616039,11067338,8131957,14481772,0.888124813199,0.832851237531,0.93757432944
2020-04-15,2609,34304,,,,,,,200779,152607,256615,3555752,2723428,4517476,11268117,8284564,14738387,0.887792303149,0.83252302651,0.937202294313
2020-04-16,2176,36480,,,,,,,196117,148872,251100,3477591,2660418,4420775,11464234,8433436,14989487,0.887473854933,0.832227288422,0.936866165817
2020-04-17,2093,38573,,,,,,,191578,145219,245839,3399984,2598270,4325721,11655812,8578655,15235326,0.887172285505,0.831951734874,0.936547441846
2020-04-18,1960,40533,,,,,,,187157,141659,240744,3323196,2536639,4232167,11842969,8720314,15476070,0.886884708689,0.831670831135,0.936276619746
2020-04-19,1931,42464,,,,,,,182851,138022,235777,3247462,2475864,4140473,12025820,8858336,15711847,0.886612537869,0.831359936082,0.936009454825
2020-04-20,2186,44650,,,,,,,178658,134424,231024,3172976,2416096,4050589,12204478,8992760,15942871,0.886355820838,0.831079388455,0.935741643952
2020-04-21,2548,47198,,,,,,,174573,130909,226421,3099893,2357257,3962690,12379051,9123669,16169292,0.886114459243,0.830852731356,0.935441588389
2020-04-22,2434,49632,,,,,,,170594,127563,222150,3028331,2299565,3877423,12549645,9251232,16391442,0.885889883222,0.830645220454,0.935167752888
2020-04-23,2466,52098,,,,,,,166717,124296,217753,2958369,2242890,3794502,12716362,9375528,16609195,0.885685583045,0.830462819788,0.934998454078
2020-04-24,2154,54252,,,,,,,162943,121026,213488,2890057,2187085,3713777,12879305,9496554,16822683,0.885505793672,0.830329305278,0.934811041168
2020-04-25,1698,55950,,,,,,,159268,117820,209334,2823420,2132376,3635572,13038573,9614374,17032017,0.885356402395,0.830218246121,0.934614902135
2020-04-26,1329,57279,,,,,,,155692,114538,205240,2758463,2078564,3560103,13194265,9728912,17237257,0.885245933189,0.830097348967,0.934380503289
2020-04-27,1466,58745,,,,,,,152212,111489,201422,2695172,2025827,3487064,13346477,9840401,17438679,0.885185259465,0.829946481503,0.93419944095
2020-04-28,2241,60986,,,,,,,148827,108463,197679,2633527,1973911,3416437,13495304,9948864,17636358,0.885189298305,0.829958208761,0.934031550635
2020-04-29,2521,63507,,,,,,,145538,105539,194008,2573502,1922949,3348322,13640842,10054403,17830366,0.885277982536,0.829874966626,0.933845050481
2020-04-30,2322,65829,,,,,,,142345,102729,190530,2515068,1873041,3282284,13783187,10157132,18020896,0.885477602073,0.82989309583,0.933765344976
2020-05-01,1891,67720,,,,,,,139249,99946,187220,2458200,1824087,3218435,13922436,10257078,18208116,0.885822534781,0.829962112513,0.933804683895
2020-05-02,1692,69412,,,,,,,136248,97307,183965,2402870,1776149,3156583,14058684,10354385,18392081,0.886357164978,0.829978252953,0.933921174637
2020-05-03,1120,70532,,,,,,,133345,94682,180763,2349059,1729149,3096610,14192029,10449067,18572844,0.887137638747,0.829971475414,0.934431728462
2020-05-04,1333,71865,,,,,,,130545,92189,177691,2296753,1683293,3038524,14322574,10541256,18750535,0.88823314032,0.830198883078,0.93469124169
2020-05-05,2318,74183,,,,,,,127848,89733,174721,2245943,1638581,2982213,14450422,10630989,18925256,0.889725778783,0.830420104712,0.936118665207
2020-05-06,2364,76547,,,,,,,125258,87383,172035,2196629,1595036,2927813,14575680,10718372,19097291,0.891707989886,0.830563234722,0.940431512399
2020-05-07,1934,78481,,,,,,,122781,85103,169235,2148816,1552559,2874879,14698461,10803475,19266526,0.894276255527,0.831154587131,0.9538533791
2020-05-08,1747,80228,,,,,,,120422,83009,166668,2102520,1511256,2823775,14818883,10886484,19433194,0.897520717365,0.83176432631,0.969669396245
2020-05-09,1488,81716,,,,,,,118188,80996,164374,2057766,1471212,2774641,14937071,10967480,19597568,0.901512405538,0.832147081805,0.991102023828
2020-05-10,893,82609,,,,,,,116090,79146,162203,2014588,1432525,2727491,15053161,11046626,19759771,0.906293000275,0.832629441177,1.01625993524
2020-05-11,1014,83623,,,,,,,114138,77398,160225,1973034,1395376,2682455,15167299,11124024,19919996,0.911873838458,0.833256670601,1.0482853397
2020-05-12,1627,85250,,,,,,,112344,75837,158357,1933166,1359715,2639372,15279643,11199861,20078353,0.918247479098,0.834120409718,1.07541453201
2020-05-13,1764,87014,,,,,,,110722,74385,156695,1895061,1325631,2598374,15390365,11274246,20235048,0.925406380805,0.835344923032,1.10049974072
2020-05-14,1783,88797,,,,,,,109287,73047,155143,1858810,1293135,2559496,15499652,11347293,20390191,0.933356642155,0.836565853727,1.12398994813
2020-05-15,1681,90478,,,,,,,108054,71862,153796,1824519,1262266,2522747,15607706,11419155,20543987,0.942118834087,0.838411548178,1.14552730651
2020-05-16,1216,91694,,,,,,,107039,70824,152829,1792310,1233145,2488338,15714745,11489979,20696816,0.951719434212,0.84129712072,1.16336723249
2020-05-17,758,92452,,,,,,,106257,69963,152105,1762318,1205809,2456460,15821002,11559942,20848921,0.962181306599,0.845398027591,1.1766008803
2020-05-18,1172,93624,,,,,,,105720,69289,151640,1734692,1180426,2427318,15926722,11629231,21000561,0.973513599892,0.850688779363,1.19406615718
2020-05-19,1552,95176,,,,,,,105444,68819,151534,1709592,1157071,2401140,16032166,11698050,21152095,0.985692119885,0.857452383435,1.22632753182
2020-05-20,1526,96702,,,,,,,105442,68607,151755,1687186,1135969,2378154,16137608,11766657,21303850,0.998627589292,0.866005765185,1.23617905609
2020-05-21,1217,97919,,,,,,,105725,68542,152326,1667653,1117160,2358416,16243333,11835199,21456176,1.01213833076,0.874913474429,1.25255724218
2020-05-22,1244,99163,,,,,,,106304,68807,153450,1651176,1100897,2342593,16349637,11904006,21609626,1.02595380084,0.87570167424,1.25706691075
2020-05-23,1109,100272,,,,,,,107191,69307,154775,1637946,1087237,2330664,16456828,11973313,21764401,1.03976038135,0.875813473467,1.26028353611
2020-05-24,622,100894,,,,,,,108397,70078,156579,1628154,1076369,2322827,16565225,12043391,21920980,1.05327141016,0.876039369837,1.26252635739
2020-05-25,548,101442,,,,,,,109930,71052,158696,1621995,1068329,2319279,16675155,12114443,22079676,1.06628535889,0.876832552543,1.27817969612
2020-05-26,662,102104,,,,,,,111811,72336,161024,1619668,1063325,2320034,16786966,12186779,22240700,1.07870409648,0.877854235889,1.2973246536
2020-05-27,1518,103622,,,,,,,114049,73922,163727,1621373,1061466,2325358,16901015,12260701,22404427,1.09051023068,0.87927772874,1.30820960935
2020-05-28,1178,104800,,,,,,,116652,75694,167077,1627303,1062831,2335686,17017667,12336395,22571504,1.10172623789,0.881653099675,1.31331908177
2020-05-29,1160,105960,,,,,,,119630,77869,170728,1637646,1067706,2351216,17137297,12414264,22742232,1.11237707745,0.883883576252,1.32252742268
2020-05-30,963,106923,,,,,,,122998,80394,175083,1652589,1076278,2372438,17260295,12494658,22917315,1.12251528341,0.887203517103,1.33488680278
2020-05-31,581,107504,,,,,,,126774,83262,180167,1672324,1088744,2399687,17387069,12577920,23097482,1.13218400446,0.891663310917,1.34309832131
2020-06-01,776,108280,,,,,,,130978,86325,185529,1697046,1105135,2433025,17518047,12664245,23283011,1.14143640715,0.899013044535,1.34815428404
2020-06-02,1068,109348,,,,,,,135626,89796,191440,1726952,1125667,2472743,17653673,12754041,23474451,1.15027966729,0.908568063366,1.35042958911
2020-06-03,1007,110355,,,,,,,140738,93741,198350,1762246,1150606,2519470,17794411,12847782,23672801,1.1586890488,0.921377688098,1.35283613968
2020-06-04,1023,111378,,,,,,,146334,97822,205923,1803138,1179838,2573531,17940745,12945604,23878724,1.16659089597,0.930234848167,1.35540979117
2020-06-05,914,112292,,,,,,,152433,102487,213806,1849846,1213796,2634905,18093178,13048091,24092530,1.17391968978,0.936158362686,1.35571698622
2020-06-06,659,112951,,,,,,,159056,107436,222202,1902598,1252432,2703557,18252234,13155527,24314732,1.18062231546,0.941200127548,1.35571706537
2020-06-07,438,113389,,,,,,,166223,112915,231621,1961629,1296049,2780335,18418457,13268442,24546353,1.1866312304,0.947864127495,1.35519336764
2020-06-08,519,113908,,,,,,,173951,118797,241824,2027183,1344777,2865529,18592408,13387239,24788177,1.19191624488,0.9572118936,1.35431855563
2020-06-09,950,114858,,,,,,,182254,125361,252669,2099507,1399096,2959473,18774662,13512600,25040846,1.19641337723,0.968343638684,1.35417233843
2020-06-10,901,115759,,,,,,,191142,131894,264600,2178838,1458667,3063034,18965804,13644494,25305446,1.2000933414,0.984532158806,1.35427959185
2020-06-11,871,116630,,,,,,,200617,139193,277069,2265405,1523946,3176370,19166421,13783687,25582515,1.20293432946,1.00782473825,1.35397381557
2020-06-12,828,117458,,,,,,,210674,146740,291219,2359427,1595003,3300486,19377095,13930427,25873734,1.20490394543,1.03553542632,1.35287352805
2020-06-13,759,118217,,,,,,,221297,154546,305295,2461095,1671677,3435042,19598392,14084973,26179029,1.20598809458,1.05458020144,1.35294980949
2020-06-14,308,118525,,,,,,,232456,162570,319706,2570553,1753845,3579667,19830848,14247543,26498735,1.20613702151,1.05021145712,1.35377294423
2020-06-15,394,118919,,,,,,,244106,171443,335007,2687885,1842013,3734522,20074954,14418986,26833742,1.20534452462,1.04847602436,1.35287170945
2020-06-16,838,119757,,,,,,,256183,180627,351479,2813089,1936301,3900503,20331137,14599613,27185221,1.20357327685,1.03929641874,1.35229062716
2020-06-17,744,120501,,,,,,,268607,190296,366864,2946070,2036778,4075976,20599744,14789909,27552085,1.20082470657,1.03107517998,1.35048274089
2020-06-18,718,121219,,,,,,,281286,200291,382820,3086618,2143311,4260497,20881030,14990200,27934905,1.19710669482,1.0245868315,1.34958500914
2020-06-19,670,121889,,,,,,,294109,210112,398587,3234393,2255585,4453183,21175139,15200312,28333492,1.19241703865,1.01294103241,1.35008205715
2020-06-20,604,122493,,,,,,,306956,220377,413975,3388915,2373455,4653367,21482095,15420689,28747467,1.18677097785,1.00509571748,1.35200256021
2020-06-21,285,122778,,,,,,,319695,230798,429106,3549554,2496786,4860280,21801790,15651487,29176573,1.18018682337,0.996311901447,1.35270542218
2020-06-22,389,123167,,,,,,,332189,241240,443477,3715521,2625066,5072123,22133979,15892727,29620050,1.17276232856,0.98777206581,1.35275929545
2020-06-23,847,124014,,,,,,,344305,251482,457231,3885875,2757697,5287508,22478284,16144209,30077281,1.16462582704,0.982666089494,1.35262931911
2020-06-24,759,124773,,,,,,,355913,261880,471259,4059534,2894152,5506008,22834197,16406089,30548540,1.15593587061,0.977410339989,1.3513281155
2020-06-25,551,125324,,,,,,,366903,271294,483791,4235295,3033484,5725074,23201100,16677383,31032331,1.14686352831,0.972997366437,1.34983131716
2020-06-26,617,125941,,,,,,,377187,279953,495358,4411865,3174183,5943252,23578287,16957336,31527689,1.13754538259,0.965985798597,1.34955198575
2020-06-27,504,126445,,,,,,,386701,288067,504985,4587892,3315462,6156906,23964988,17245403,32032674,1.12812607932,0.958039475763,1.35025873297
2020-06-28,273,126718,,,,,,,395406,296040,514001,4762001,3456931,6365524,24360394,17541443,32546675,1.11871525342,0.950025476045,1.35015559605
2020-06-29,377,127095,,,,,,,403279,303064,521976,4932824,3597441,6567741,24763673,17844507,33068651,1.1094096121,0.946253075708,1.34706366412
2020-06-30,625,127720,,,,,,,410313,309312,530090,5099032,3735364,6762865,25173986,18153819,33598741,1.10027565303,0.942135623174,1.34497899649
2020-07-01,694,128414,,,,,,,416511,314589,536233,5259360,3869387,6947695,25590497,18468408,34134974,1.09133480866,0.937934651811,1.34226749381
2020-07-02,727,129141,,,,,,,421889,319613,542410,5412642,3998782,7123371,26012386,18788021,34677384,1.08258778644,0.933570631818,1.3364430489
2020-07-03,660,129801,,,,,,,426474,323983,547648,5557830,4122555,7288360,26438860,19112004,35225032,1.07400491498,0.930055213397,1.32787578109
2020-07-04,265,130066,,,,,,,430301,327588,552148,5694023,4240096,7442078,26869161,19439592,35777180,1.06556775063,0.926675559725,1.31656079911
2020-07-05,288,130354,,,,,,,433411,330552,556278,5820478,4350318,7584491,27302572,19770144,36333458,1.05727248631,0.921927837131,1.30978744639
2020-07-06,355,130709,,,,,,,435844,333241,558759,5936627,4452803,7714214,27738416,20103385,36892217,1.04913639816,0.91991728698,1.29918090566
2020-07-07,1222,131931,,,,,,,437642,335080,560390,6042080,4546664,7831125,28176058,20438465,37452607,1.04119268076,0.915395472413,1.289221606
2020-07-08,863,132794,,,,,,,438842,336043,561354,6136617,4631221,7935210,28614900,20774508,38013961,1.0334861619,0.912712324325,1.27990766891
2020-07-09,1003,133797,,,,,,,439477,336868,561611,6220181,4706185,8025516,29054377,21111376,38575572,1.02606655753,0.911065651631,1.27251476596
2020-07-10,824,134621,,,,,,,439581,337626,561307,6292859,4772500,8102989,29493958,21449002,39136879,1.01898294192,0.907924511027,1.26268040047
2020-07-11,690,135311,,,,,,,439185,337944,560934,6354857,4830479,8168549,29933143,21786946,39697813,1.01228447817,0.904749183657,1.25109614626
2020-07-12,459,135770,,,,,,,438321,338750,559943,6406477,4881158,8223485,30371464,22125696,40257756,1.00601429386,0.900811116062,1.23628938615
2020-07-13,367,136137,,,,,,,437019,338147,557606,6448090,4923284,8267059,30808483,22463843,40815362,1.00019988691,0.898350363225,1.22257511893
2020-07-14,926,137063,,,,,,,435308,337315,555846,6480118,4957563,8300917,31243791,22801158,41371208,0.994847123924,0.896539457657,1.20558022522
2020-07-15,968,138031,,,,,,,433214,336320,553113,6503020,4984615,8323953,31677005,23137478,41924321,0.989943107474,0.895811953701,1.18944943866
2020-07-16,943,138974,,,,,,,430766,334526,549674,6517274,5004581,8337425,32107771,23472004,42473995,0.985465417817,0.89514542019,1.17843805426
2020-07-17,930,139904,,,,,,,427987,332102,545679,6523372,5017083,8340740,32535758,23804106,43019674,0.981390430017,0.894047274127,1.15981934044
2020-07-18,868,140772,,,,,,,424903,329152,541195,6521801,5022253,8334349,32960661,24133258,43560869,0.977696148606,0.893000242318,1.14301421735
2020-07-19,447,141219,,,,,,,421540,325867,536913,6513040,5020517,8319169,33382201,24459125,44097782,0.974360814749,0.891824058958,1.1310384757
2020-07-20,514,141733,,,,,,,417920,322746,532303,6497549,5012685,8295255,33800121,24781871,44630085,0.971360982034,0.888582829943,1.11263930827
2020-07-21,1107,142840,,,,,,,414068,319968,528261,6475772,4999379,8264794,34214189,25101839,45158346,0.968670997515,0.885227281412,1.09242009575
2020-07-22,1216,144056,,,,,,,410006,316249,523284,6448136,4980503,8227711,34624195,25418088,45681630,0.96626353287,0.882691689821,1.07085628983
2020-07-23,1094,145150,,,,,,,405757,312529,518470,6415051,4956932,8184873,35029952,25730617,46200100,0.964110353051,0.879836254719,1.05804558852
2020-07-24,1132,146282,,,,,,,401343,308760,513469,6376917,4928754,8136783,35431295,26039377,46713569,0.962183130383,0.878647415973,1.05091318121
2020-07-25,899,147181,,,,,,,396825,304914,508112,6334162,4895976,8083641,35828120,26344291,47221681,0.960454437321,0.877477521318,1.04409973023
2020-07-26,472,147653,,,,,,,392179,300866,502880,6287156,4858831,8025641,36220299,26645157,47724561,0.958898865261,0.875861112645,1.04025741905
2020-07-27,1120,148773,,,,,,,387426,296672,498101,6236261,4816687,7963870,36607725,26941829,48222662,0.957493975819,0.87511214427,1.03753289813
2020-07-28,1374,150147,,,,,,,382585,292254,493033,6181827,4770730,7899372,36990310,27234083,48715695,0.956220770871,0.87449100316,1.03395022632
2020-07-29,1432,151579,,,,,,,377676,288104,487722,6124195,4721457,7831331,37367986,27522187,49203417,0.955063542908,0.874121365536,1.0294364088
2020-07-30,1209,152788,,,,,,,372718,283424,482218,6063698,4668508,7760515,37740704,27805611,49685635,0.954009211607,0.873763091788,1.02824428395
2020-07-31,1243,154031,,,,,,,367722,278720,476565,6000654,4612656,7687485,38108426,28084331,50162200,0.953046438271,0.873415378601,1.02641451386
2020-08-01,1115,155146,,,,,,,362698,274008,471120,5935365,4554523,7612988,38471124,28358339,50633320,0.952164845429,0.873077609376,1.02570887537
2020-08-02,403,155549,,,,,,,357657,269532,465123,5868119,4494873,7536979,38828781,28627871,51098443,0.951354551752,0.872749296872,1.02470971708
2020-08-03,530,156079,,,,,,,352611,264846,459653,5799191,4433822,7459771,39181392,28892717,51558096,0.950606052259,0.872430043819,1.0233269754
2020-08-04,1378,157457,,,,,,,347569,259964,454146,5728840,4371016,7381659,39528961,29152681,52012242,0.949910338134,0.872119515879,1.02288273271
2020-08-05,1376,158833,,,,,,,342539,255571,448589,5657311,4306598,7302015,39871500,29408252,52460831,0.949259108102,0.871817423062,1.02229503109
2020-08-06,1253,160086,,,,,,,337529,250914,443404,5584834,4241246,7222160,40209029,29659166,52904235,0.948644955052,0.871523506944,1.02176357442
2020-08-07,1242,161328,,,,,,,332544,245968,437735,5511620,4174677,7141454,40541573,29905134,53341970,0.948061470079,0.871237531873,1.02132200593
2020-08-08,1077,162405,,,,,,,327590,241119,432214,5437867,4107032,7060228,40869163,30146253,53774184,0.947503255681,0.87095927893,1.02087879627
2020-08-09,511,162916,,,,,,,322947,236674,427541,5363989,4038792,6979681,41192110,30382927,54201725,0.946965867363,0.870688541789,1.02030382132
2020-08-10,527,163443,,,,,,,318333,232289,422606,5290143,3970218,6899426,41510443,30615216,54624331,0.946445711262,0.870407059238,1.01980948477
2020-08-11,1064,164507,,,,,,,313766,227944,417911,5216483,3901490,6819253,41824209,30843160,55042242,0.945939922587,0.870150055163,1.01922256103
2020-08-12,1505,166012,,,,,,,309260,223740,413467,5143158,3832972,6739697,42133469,31066900,55455709,0.945446242674,0.869900020496,1.01863777921
2020-08-13,1070,167082,,,,,,,304844,219439,408486,5070326,3764302,6660464,42438313,31286339,55864195,0.944962905321,0.869489854481,1.01803243542
2020-08-14,1338,168420,,,,,,,300544,215013,404208,4998152,3695889,6582462,42738857,31501352,56268403,0.944488537555,0.868965635782,1.0174245014
2020-08-15,1034,169454,,,,,,,296339,210847,399684,4926770,3628012,6505588,43035196,31712199,56668087,0.944022076292,0.868469626096,1.01677951527
2020-08-16,571,170025,,,,,,,292215,206619,395867,4856287,3560620,6430340,43327411,31918818,57063954,0.943562700234,0.867997751171,1.01609497366
2020-08-17,446,170471,,,,,,,288170,202682,391914,4786799,3493767,6357132,43615581,32121500,57455868,0.943109775307,0.867546849731,1.01540789221
2020-08-18,1325,171796,,,,,,,284204,199028,388098,4718392,3427942,6285569,43899785,32320528,57843966,0.942662811584,0.867121550119,1.01471835129
2020-08-19,1353,173149,,,,,,,280326,195334,384375,4651149,3363302,6215789,44180111,32515862,58228341,0.942221429629,0.86670308793,1.0140264333
2020-08-20,1079,174228,,,,,,,276536,191721,380975,4585146,3299442,6148170,44456647,32707583,58609316,0.941785334418,0.866458860537,1.01333222243
2020-08-21,1105,175333,,,,,,,272827,188279,377617,4520445,3236800,6082387,44729474,32895862,58986933,0.941354295242,0.866222011683,1.01266913072
2020-08-22,982,176315,,,,,,,269198,184716,374200,4457099,3175545,6018866,44998672,33080578,59361133,0.940928130306,0.865991815121,1.01203453885
2020-08-23,450,176765,,,,,,,265647,181228,370991,4395156,3115651,5957659,45264319,33261806,59732124,0.940506694941,0.865768089079,1.01152957043
2020-08-24,442,177207,,,,,,,262331,177867,367994,4334540,3056843,5898132,45526650,33439673,60100118,0.94105363981,0.867880689213,1.01156770258
2020-08-25,1239,178446,,,,,,,259090,174598,365115,4275296,2999153,5840662,45785740,33614271,60465233,0.941608027051,0.869570382345,1.0117983506
2020-08-26,1225,179671,,,,,,,255931,171407,362571,4217461,2942618,5785336,46041671,33785678,60827804,0.9421693786,0.870831431759,1.01323644841
2020-08-27,1111,180782,,,,,,,252859,168448,359833,4161060,2887330,5731711,46294530,33954126,61187637,0.94273764669,0.87102065016,1.01390052077
2020-08-28,971,181753,,,,,,,249889,165440,357233,4106106,2833337,5680464,46544419,34119566,61544870,0.94331277269,0.871843384268,1.01562831942
2020-08-29,958,182711,,,,,,,247036,162581,355175,4052598,2780910,5631428,46791455,34282147,61900045,0.943894684297,0.872260094481,1.01666045387
2020-08-30,310,183021,,,,,,,244286,159873,352927,4000545,2729938,5584668,47035741,34442020,62252972,0.944483272024,0.871163248677,1.01874300243
2020-08-31,573,183594,,,,,,,241630,157073,350683,3949960,2680397,5539473,47277371,34599093,62603655,0.945078385173,0.872826555071,1.02080250889
2020-09-01,1067,184661,,,,,,,239065,154379,348669,3900855,2632096,5496208,47516436,34753472,62952324,0.945679908261,0.873950152299,1.02287562853
2020-09-02,1056,185717,,,,,,,236593,151735,347452,3853244,2584804,5455541,47753029,34905207,63299776,0.946287752587,0.873667599683,1.02506102911
2020-09-03,1070,186787,,,,,,,234217,149243,346227,3807135,2538712,5417377,47987246,35054450,63646003,0.946901830084,0.873490145057,1.02732355796
2020-09-04,965,187752,,,,,,,231937,146700,344852,3762536,2493689,5381243,48219183,35201150,63990855,0.947522051053,0.873231876363,1.02962836918
2020-09-05,783,188535,,,,,,,229749,144405,344055,3719458,2449811,5347665,48448932,35345555,64334910,0.948148309634,0.873668964437,1.03194199462
2020-09-06,403,188938,,,,,,,227653,142137,343424,3677912,2407230,5316869,48676585,35487692,64678334,0.94878049983,0.873209364274,1.0341136501
2020-09-07,267,189205,,,,,,,225646,139894,342684,3637911,2365895,5288541,48902231,35627586,65021018,0.949418521306,0.873118179234,1.03638209211
2020-09-08,445,189650,,,,,,,223729,137564,342079,3599309,2325593,5262609,49125960,35765150,65363097,0.950062276757,0.871927259788,1.03879829419
2020-09-09,1206,190856,,,,,,,221903,135427,341208,3562122,2286422,5238691,49347863,35900577,65704305,0.950711668308,0.871416114071,1.04104862049
2020-09-10,907,191763,,,,,,,220166,133469,340751,3526357,2248483,5216864,49568029,36034046,66045056,0.951366593453,0.871793781147,1.04321088394
2020-09-11,1213,192976,,,,,,,218519,131493,340780,3492016,2211529,5197806,49786548,36165539,66385836,0.952026946308,0.870706343728,1.04547740645
2020-09-12,714,193690,,,,,,,216960,129463,340591,3459087,2175553,5181167,50003508,36295002,66726427,0.952692620117,0.870063717371,1.04781878387
2020-09-13,378,194068,,,,,,,215489,127424,341001,3427540,2140395,5166992,50218997,36422426,67067428,0.953363507584,0.869002059809,1.05013644702
2020-09-14,422,194490,,,,,,,214107,125546,341072,3397361,2106067,5155140,50433104,36547972,67408500,0.954039500175,0.867410582963,1.05256779509
2020-09-15,1288,195778,,,,,,,212814,123864,341645,3368546,2072857,5146106,50645918,36671836,67750145,0.954720486732,0.866481917477,1.05530639503
2020-09-16,982,196760,,,,,,,211610,122103,342004,3341091,2040580,5139448,50857528,36793939,68092149,0.955406353055,0.864898800655,1.0588995282
2020-09-17,870,197630,,,,,,,210495,120424,342601,3314994,2009268,5134605,51068023,36914363,68434750,0.956096982279,0.86377753553,1.06164432725
2020-09-18,937,198567,,,,,,,209470,118674,343817,3290246,1978698,5132208,51277493,37033037,68778567,0.956792255126,0.862492010432,1.06551714891
2020-09-19,712,199279,,,,,,,208534,117070,345083,3266844,1949066,5132455,51486027,37150107,69123650,0.957492049787,0.861329593741,1.06965186863
2020-09-20,227,199506,,,,,,,207688,115613,346344,3244783,1920270,5134756,51693715,37265720,69469994,0.958196241464,0.860030888823,1.07279302074
2020-09-21,356,199862,,,,,,,206934,114111,347944,3224064,1892241,5139282,51900649,37379831,69817938,0.958904701986,0.858290896142,1.07591145462
2020-09-22,921,200783,,,,,,,206272,112645,350413,3204690,1864991,5147012,52106921,37492476,70168351,0.959617299649,0.856381106374,1.0791767328
2020-09-23,,,669.067030233,449,951,201452.06703,201232,201734,205702,111229,352451,3186664,1838657,5157383,52312623,37603705,70520802,0.96033389915,0.854532435723,1.08243729077
2020-09-24,,,660.092742725,440,943,202112.159773,201673,202676,205226,109882,355703,3169987,1813113,5171875,52517849,37713587,70876505,0.961054361449,0.852692060287,1.08569222473
2020-09-25,,,651.447260261,432,935,202763.607033,202105,203611,204844,108512,358870,3154665,1788157,5189989,52722693,37822099,71235375,0.961778543516,0.850805347851,1.08824789691
2020-09-26,,,643.11408131,424,929,203406.721115,202530,204539,204559,107165,362296,3140705,1763831,5211493,52927252,37929264,71597671,0.96250629803,0.848997514768,1.09085292791
2020-09-27,,,635.080027111,416,922,204041.801142,202947,205460,204371,105904,365541,3128116,1740276,5236425,53131623,38035168,71963212,0.963237473117,0.847248507967,1.09342914569
2020-09-28,,,627.334338174,409,915,204669.13548,203357,206374,204281,104722,369262,3116908,1717578,5264665,53335904,38139890,72332474,0.963971912107,0.845437892327,1.09619275543
2020-09-29,,,619.867810443,402,909,205289.00329,203759,207283,204292,103502,372915,3107093,1695538,5296488,53540196,38243392,72705389,0.964709453305,0.843634800013,1.09956610933
2020-09-30,,,612.672620831,394,904,205901.675911,204153,208186,204406,102202,376672,3098685,1673879,5331495,53744602,38345594,73082061,0.965449929705,0.841839123091,1.10247786349
2020-10-01,,,605.742299348,387,900,206507.41821,204540,209086,204623,101008,380966,3091697,1652786,5370441,53949225,38446602,73463027,0.966201501022,0.840050753878,1.10692392556
2020-10-02,,,599.071515797,380,897,207106.489726,204921,209982,204947,99974,385819,3086149,1632338,5413645,54154172,38546576,73848846,0.966959267116,0.838343732001,1.11057316307
2020-10-03,,,592.655897506,373,893,207699.145624,205295,210875,205378,98860,391269,3082057,1612524,5461087,54359550,38645436,74240115,0.96771961184,0.836565326775,1.11385371106
2020-10-04,,,586.493578171,367,890,208285.639202,205662,211764,205921,97913,396635,3079444,1593366,5512631,54565471,38743349,74636750,0.968486925863,0.834813558556,1.11736600858
2020-10-05,,,580.582678334,360,888,208866.22188,206023,212651,206576,96961,402750,3078332,1574711,5569034,54772047,38840310,75039500,0.969260387244,0.833068017083,1.12102617826
2020-10-06,,,574.921401328,354,885,209441.143282,206378,213536,207347,95948,408601,3078745,1556544,5629684,54979394,38936258,75448101,0.970037825278,0.8313076124,1.12463579687
2020-10-07,,,570.197425175,349,883,210011.340707,206727,214419,208236,94850,415282,3080709,1538746,5694544,55187630,39031108,75863383,0.970816782075,0.829675489925,1.12823601531
2020-10-08,,,565.709371355,344,882,210577.050078,207071,215300,209247,93832,422852,3084254,1521347,5764934,55396877,39124940,76286235,0.97159778239,0.827995471955,1.13182555754
2020-10-09,,,561.456942243,338,881,211138.50702,207410,216181,210382,92909,431164,3089410,1504372,5840379,55607259,39217849,76717399,0.972389642431,0.826738588915,1.13546708404
2020-10-10,,,557.439877675,333,881,211695.946898,207744,217061,211644,92165,439948,3096210,1488023,5921452,55818903,39310014,77157347,0.97319174353,0.825403663753,1.13867595961
2020-10-11,,,553.657984436,328,882,212249.604882,208073,217942,213038,91499,448697,3104689,1472356,6007848,56031941,39401513,77606044,0.973997405421,0.824423921123,1.14186386533
2020-10-12,,,550.111173029,324,883,212799.716055,208397,218824,214566,90855,457858,3114884,1457307,6100160,56246507,39492368,78063902,0.974804715814,0.824357185406,1.14490429664
2020-10-13,,,546.799571742,319,883,213346.515627,208717,219706,216233,90098,467545,3126836,1442684,6198440,56462740,39582466,78531447,0.975615491931,0.823725102614,1.14798320718
2020-10-14,,,543.7236164,314,884,213890.239244,209031,220590,218043,89482,477645,3140586,1428663,6303160,56680783,39671948,79009092,0.976432130708,0.823095720273,1.15103688921
2020-10-15,,,540.88393654,310,886,214431.12318,209342,221475,219999,88811,487926,3156180,1415273,6414407,56900782,39760759,79497018,0.977270597301,0.822888652655,1.15502258062
2020-10-16,,,538.281349321,306,888,214969.404529,209648,222362,222107,88232,498534,3173664,1402498,6531974,57122889,39848991,79995552,0.978114941068,0.822362279023,1.15965334077
2020-10-17,,,535.916881238,302,890,215505.321411,209951,223251,224370,87552,509567,3193087,1390079,6655721,57347259,39936543,80505119,0.978960345634,0.821361645175,1.16433175678
2020-10-18,,,533.79180397,298,894,216039.113215,210249,224144,226792,86939,521223,3214500,1378161,6785678,57574051,40023482,81026342,0.979806194039,0.820974373546,1.16742022722
2020-10-19,,,531.909214862,294,899,216571.02243,210544,225042,229378,86430,533984,3237957,1366682,6923030,57803429,40109912,81560326,0.98065275664,0.820908763973,1.16956423988
2020-10-20,,,530.271421103,290,903,217101.293851,210835,225944,232131,85921,547250,3263512,1355647,7067527,58035560,40195833,82107576,0.981500021966,0.821054163578,1.17163532879
2020-10-21,,,528.880181926,287,909,217630.174033,211123,226852,235058,85507,560011,3291223,1345210,7218933,58270618,40281340,82667587,0.982350417679,0.819808338995,1.17420005671
2020-10-22,,,527.737610662,283,917,218157.911643,211407,227768,238162,85026,574065,3321149,1335390,7377709,58508780,40366366,83241652,0.983216909374,0.819741565146,1.17619178884
2020-10-23,,,526.846182884,280,926,218684.757826,211687,228693,241446,84670,588468,3353348,1326234,7543315,58750226,40451036,83830120,0.98408408928,0.819347477697,1.18002088269
2020-10-24,,,526.204863106,277,935,219210.962689,211965,229626,244915,84346,603392,3387881,1317676,7715522,58995141,40535382,84433512,0.984949635615,0.81885677673,1.18373321357
2020-10-25,,,525.817306446,274,944,219736.779996,212239,230569,248574,84057,619871,3424810,1309570,7895416,59243715,40619439,85053383,0.985813998205,0.817693996263,1.18740776262
2020-10-26,,,525.687507502,270,953,220262.467503,212510,231521,252429,83759,637393,3464201,1301833,8084078,59496144,40703198,85690776,0.986678255116,0.817343211244,1.19104122626
2020-10-27,,,525.819806168,267,962,220788.287309,212778,232482,256484,83365,656151,3506119,1294346,8282337,59752628,40786563,86346927,0.987537100268,0.816746283748,1.19463008895
2020-10-28,,,526.218907719,264,973,221314.506217,213044,233453,260737,83049,675884,3550624,1287301,8490650,60013365,40869612,87022811,0.988392643175,0.816701939096,1.1980775511
2020-10-29,,,526.889949505,262,984,221841.396167,213306,234435,265198,82748,695126,3597779,1280568,8708102,60278563,40952360,87717937,0.989247313951,0.816687462493,1.20135062293
2020-10-30,,,527.838477235,259,997,222369.234644,213566,235430,269867,82622,717630,3647646,1274380,8937784,60548430,41034982,88435567,0.99010077412,0.816088623555,1.20468417172
2020-10-31,,,529.070433477,256,1012,222898.305077,213823,236440,274750,82467,740462,3700290,1268615,9179695,60823180,41117449,89176029,0.99094655063,0.816057013668,1.20646606701
2020-11-01,,,530.592160797,253,1025,223428.897238,214077,237463,279848,82320,762886,3755768,1263383,9433000,61103028,41199769,89938915,0.991781284703,0.815851787714,1.20825104172
